arm_joint_1.eff,arm_joint_2.eff,arm_joint_3.eff,arm_joint_4.eff,arm_joint_5.eff,time_stamp
-0.0,0.015678,0.05025,-0.03620999999999999,-0.0,1576658841601912975
-0.0,0.015678,0.05025,-0.03620999999999999,-0.0,1576658841602152109
-0.0,0.02613,0.0402,-0.061557,-0.006958000000000001,1576658841612198114
-0.0,0.05226,0.05025,-0.043452,0.0034790000000000003,1576658841622220039
-0.005226000000000001,0.047034000000000006,0.0469,-0.014484,0.0034790000000000003,1576658841632210969
-0.0,0.031356,0.0469,-0.050693999999999996,-0.0,1576658841642210006
-0.0,0.05226,0.0469,-0.068799,0.0034790000000000003,1576658841652205944
0.005226000000000001,0.114972,0.03685,-0.050693999999999996,-0.0,1576658841662214994
-0.0,-0.047034000000000006,0.04355,-0.057936,-0.0,1576658841672220945
-0.0,-0.02613,0.04355,-0.188292,-0.0,1576658841682208061
-0.0,-0.041808000000000005,0.05025,-0.166566,-0.0034790000000000003,1576658841692209005
-0.0,-0.031356,0.07035000000000001,-0.039831,-0.0034790000000000003,1576658841702198982
-0.0,-0.18291000000000002,0.12394999999999999,-0.26795399999999997,-0.0,1576658841712207078
-0.0,1.7559360000000004,0.1273,-0.43451999999999996,-0.0034790000000000003,1576658841722204923
-0.0,-0.538278,0.0536,-0.28243799999999997,-0.0034790000000000003,1576658841732206106
-0.0,3.6582,0.21105,-0.0,-0.0,1576658841742209911
-0.0,-0.7002840000000001,0.8877500000000002,-0.249849,0.006958000000000001,1576658841752207994
-0.0,5.205096,0.1474,-0.546771,-0.0,1576658841762212038
-0.0,-0.23517,1.5209000000000001,-0.44900399999999996,-0.0,1576658841772208929
-0.0,3.6947820000000005,0.0603,-0.137598,-0.0,1576658841782203912
-0.0,4.018794000000001,1.5410000000000001,0.043452,-0.0,1576658841792215108
-0.0,1.6670940000000003,-0.03015,-0.068799,-0.0,1576658841802213907
-0.005226000000000001,5.184192000000001,1.1859,-0.44176199999999993,-0.0,1576658841812208890
-0.0,1.991106,0.0067,-0.22088099999999997,-0.0,1576658841822206974
-0.0,3.24012,1.52425,0.043452,-0.0,1576658841832209110
-0.0,2.968368,0.3417,0.173808,-0.0,1576658841842219114
0.005226000000000001,3.4700640000000007,1.9463499999999998,-0.047073,0.013916000000000001,1576658841852205991
-0.0,2.8795260000000007,1.4137,-0.6771269999999999,-0.0,1576658841862175941
-0.0,4.253964,1.4438499999999999,-0.5793599999999999,0.0034790000000000003,1576658841872205018
-0.0,2.707068,0.41204999999999997,-0.21725999999999998,-0.0,1576658841882208108
-0.010452000000000001,2.29944,0.19430000000000003,-0.061557,-0.0034790000000000003,1576658841892209053
-0.0,3.104244,1.89945,-0.03258899999999999,0.0034790000000000003,1576658841902205944
-0.0,3.407352000000001,1.3467000000000002,-0.057936,-0.0034790000000000003,1576658841912205934
-0.0,4.651140000000001,1.6281,-0.039831,-0.0,1576658841922174930
0.010452000000000001,2.8533960000000005,1.8492000000000002,-0.26795399999999997,-0.0,1576658841932205915
0.005226000000000001,3.3969000000000005,1.5644500000000001,-0.601086,-0.0,1576658841942209005
-0.0,-0.10452,1.7989500000000003,-0.33675299999999997,-0.0,1576658841952208042
0.005226000000000001,4.196478000000001,0.94805,-0.30778500000000003,-0.0,1576658841962208986
-0.0,1.249014,1.2529,0.079662,-0.0,1576658841972208023
-0.0,2.2367280000000003,2.34835,0.057936,0.0034790000000000003,1576658841982206106
-0.005226000000000001,4.431648,-0.0603,-0.44176199999999993,-0.0,1576658841992204904
-0.0,1.478958,1.7420000000000002,-0.416415,-0.0,1576658842002202987
-0.010452000000000001,4.5309420000000005,1.2127000000000001,-0.083283,-0.0034790000000000003,1576658842012207031
-0.0,4.02402,1.072,-0.083283,-0.0,1576658842022206068
-0.0,2.0433660000000002,1.1222500000000002,-0.36934199999999995,-0.0,1576658842032187938
-0.0,5.314842,1.57115,-0.12673500000000001,-0.006958000000000001,1576658842042210102
0.005226000000000001,2.8690740000000003,1.7688000000000001,0.050693999999999996,-0.0,1576658842052206993
-0.005226000000000001,4.698174000000001,1.7018000000000002,-0.39468899999999996,-0.0,1576658842062206029
-0.005226000000000001,3.3864480000000006,1.4807000000000001,-0.25709099999999996,-0.0,1576658842072204113
-0.010452000000000001,1.6461900000000003,2.07365,-0.105009,-0.0,1576658842082207918
-0.0,5.053542,1.1859,-0.36934199999999995,0.0034790000000000003,1576658842092192888
-0.005226000000000001,2.2419540000000002,1.1658,-0.014484,-0.0,1576658842102205038
-0.0,3.391674,1.4472,-0.35123699999999997,-0.0034790000000000003,1576658842112205028
-0.0,3.8620140000000003,1.4807000000000001,-0.29692199999999996,-0.006958000000000001,1576658842122205018
-0.0,2.22105,1.2897500000000002,-0.10862999999999999,-0.0,1576658842132208108
-0.0,2.304666,1.9564000000000001,-0.45624599999999993,-0.0,1576658842142204999
0.005226000000000001,2.1896940000000003,0.5896,0.03620999999999999,0.006958000000000001,1576658842152204990
-0.0,2.7331980000000002,1.5376500000000002,-0.36210000000000003,-0.0,1576658842162197113
-0.0,2.4091860000000005,0.43550000000000005,-0.119493,-0.0,1576658842172218084
-0.0,1.7298060000000002,1.6481999999999999,-0.15570299999999998,0.010437,1576658842182214021
-0.0,2.4300900000000003,1.4740000000000002,-0.173808,-0.0034790000000000003,1576658842192209005
-0.005226000000000001,4.348032,1.4941,-0.152082,-0.0,1576658842202209949
-0.0,3.093792,1.49075,-0.36210000000000003,-0.0,1576658842212213039
-0.0,3.8254320000000006,1.27635,0.086904,-0.0,1576658842222210884
0.005226000000000001,1.269918,1.11555,-0.430899,-0.0034790000000000003,1576658842232215881
0.005226000000000001,3.7993020000000004,1.30315,-0.014484,-0.0,1576658842242208957
-0.010452000000000001,0.18813600000000003,0.6097,-0.249849,-0.0034790000000000003,1576658842252203941
-0.0,2.9631420000000004,1.2495500000000002,-0.0,-0.0,1576658842262212038
-0.0,1.510314,1.1959499999999998,-0.137598,0.0034790000000000003,1576658842272218942
-0.005226000000000001,2.957916,1.57115,-0.083283,-0.0034790000000000003,1576658842282213926
-0.0,-0.08361600000000001,2.0368,-0.28243799999999997,-0.0,1576658842292207002
0.005226000000000001,-0.02613,0.40535,-0.231744,-0.0034790000000000003,1576658842302212953
0.010452000000000001,3.2662500000000003,0.8576,-0.047073,-0.0,1576658842312213897
0.005226000000000001,1.0713300000000001,1.1859,-0.423657,-0.0034790000000000003,1576658842322210073
-0.0,0.8309340000000001,1.4338,0.039831,0.0034790000000000003,1576658842332228899
0.005226000000000001,1.5259920000000002,1.4405000000000001,-0.28967999999999994,-0.006958000000000001,1576658842342211008
-0.0,0.07839,0.41204999999999997,-0.06517799999999999,-0.006958000000000001,1576658842352200984
-0.0,2.6757120000000003,1.22945,-0.086904,-0.006958000000000001,1576658842362210988
-0.0,0.7055100000000001,0.63985,-0.26795399999999997,0.0034790000000000003,1576658842372215986
-0.0,3.8463360000000004,1.4807000000000001,0.15570299999999998,-0.006958000000000001,1576658842382213115
-0.010452000000000001,2.858622000000001,0.7504,-0.231744,-0.0,1576658842392213106
-0.005226000000000001,0.6584760000000001,1.3500500000000002,-0.249849,-0.0,1576658842402214050
-0.0,0.005226000000000001,0.9246000000000001,0.18105000000000002,0.006958000000000001,1576658842412209987
0.010452000000000001,0.17245800000000003,0.9648,-0.025346999999999998,-0.0034790000000000003,1576658842422173976
-0.005226000000000001,1.9231680000000002,0.82745,-0.26433299999999993,-0.0,1576658842432208061
-0.0,1.2594660000000002,1.34335,-0.06517799999999999,-0.0,1576658842442213058
-0.0,-2.707068,1.3467000000000002,-0.007242,-0.0,1576658842452203989
-0.0,4.38984,-0.7269500000000001,-0.31140599999999996,0.010437,1576658842462219953
-0.0,0.114972,0.7504,-0.14483999999999997,-0.0,1576658842472219944
0.010452000000000001,1.640964,1.1959499999999998,0.018104999999999996,0.0034790000000000003,1576658842482203960
0.005226000000000001,1.1915280000000001,-0.9413500000000001,0.021726,-0.0,1576658842492204904
-0.0,3.0519840000000005,0.44555,-0.068799,-0.0,1576658842502207994
-0.0,1.4214720000000003,1.8023,-0.14121899999999998,-0.0,1576658842512204885
-0.0,1.7663880000000003,-0.63315,0.22812299999999996,-0.0,1576658842522173881
-0.010452000000000001,1.1915280000000001,-0.17085,-0.018104999999999996,-0.0,1576658842532205104
-0.0,0.8884200000000001,1.1490500000000001,-0.586602,-0.006958000000000001,1576658842542210102
-0.0,3.4125780000000003,-0.21775000000000003,-0.586602,-0.0,1576658842552203893
-0.005226000000000001,0.8779680000000002,0.33835000000000004,-0.021726,-0.006958000000000001,1576658842562203884
-0.0,-0.7002840000000001,-0.1206,0.35123699999999997,-0.006958000000000001,1576658842572204113
-0.0,1.870908,0.2144,0.4598669999999999,-0.0,1576658842582202911
-0.010452000000000001,-0.292656,0.0201,0.083283,-0.0034790000000000003,1576658842592204093
-0.0,0.10974600000000002,0.1608,-0.32226899999999997,-0.0,1576658842602174997
-0.010452000000000001,-0.29788200000000004,0.13065000000000002,0.068799,-0.0,1576658842612204074
-0.005226000000000001,-4.02402,0.09045,0.376584,0.0034790000000000003,1576658842622203111
0.005226000000000001,-3.0101760000000004,0.01675,0.655401,-0.0034790000000000003,1576658842632200956
-0.0,-4.36371,-1.34335,0.412794,-0.006958000000000001,1576658842642200946
-0.010452000000000001,-4.436874,0.0603,0.235365,0.0034790000000000003,1576658842652204036
0.005226000000000001,-4.7034,-1.5309500000000003,0.19191299999999997,-0.0,1576658842662204027
-0.0,-5.800860000000001,-1.1122,0.31502699999999995,-0.0,1576658842672194957
-0.0,-4.253964,-2.0970999999999997,0.105009,-0.0,1576658842682173013
-0.0,-4.457778,-0.9446999999999999,-0.014484,0.0034790000000000003,1576658842692203998
-0.0,-4.196478000000001,-1.18255,0.159324,-0.0034790000000000003,1576658842702203989
-0.005226000000000001,-2.550288,-2.08705,0.18105000000000002,0.0034790000000000003,1576658842712203025
-0.0,-5.058768,-0.6365000000000001,0.764031,-0.0,1576658842722204923
-0.0,-3.480516,-2.5996,0.890766,-0.0,1576658842732203960
-0.0,-3.637296,-1.0318,0.5141819999999999,-0.0,1576658842742208957
0.005226000000000001,-3.5641320000000007,-1.43715,0.39830999999999994,-0.0,1576658842752181053
0.005226000000000001,-3.4909680000000005,-2.1306000000000003,0.061557,-0.010437,1576658842762141942
-0.0,-3.9926640000000004,-1.8893999999999997,0.26071199999999994,0.0034790000000000003,1576658842772171020
-0.005226000000000001,-1.8081960000000001,-1.52425,0.463488,-0.0,1576658842782170057
-0.0,-6.5429520000000005,-2.2713000000000005,0.43451999999999996,-0.0034790000000000003,1576658842792201995
-0.0,-4.316676,-1.3735,0.43451999999999996,0.0034790000000000003,1576658842802211046
-0.0,-2.95269,-1.7587500000000003,0.10138799999999999,-0.0,1576658842812200069
-0.0,-2.9161080000000004,-1.072,0.300543,0.006958000000000001,1576658842822200059
-0.0,-4.661592000000001,-1.2797,0.416415,-0.0,1576658842832191944
-0.0,-4.1808000000000005,-1.9831999999999999,0.35123699999999997,-0.010437,1576658842842206001
-0.0,-3.924726,-1.2998,0.19915499999999997,-0.0034790000000000003,1576658842852200031
-0.0,-4.327128,-2.0502,0.5178029999999999,-0.0,1576658842862201929
0.005226000000000001,-2.3726040000000004,-1.22275,0.499698,-0.0,1576658842872200012
-0.0,-4.02402,-1.608,0.31140599999999996,-0.0034790000000000003,1576658842882183074
0.005226000000000001,-3.4230300000000007,-1.3299500000000002,0.27157499999999996,-0.006958000000000001,1576658842892215967
0.005226000000000001,-5.04309,-1.1724999999999999,0.39106799999999997,-0.0,1576658842902183055
-0.0,-2.440542,-1.8090000000000002,0.347616,-0.0034790000000000003,1576658842912206888
-0.0,-3.9508560000000004,-1.8626000000000003,0.242607,-0.0,1576658842922211885
0.005226000000000001,-3.7993020000000004,-1.67165,0.5069400000000001,-0.0,1576658842932173013
-0.0,-4.3323540000000005,-1.3969500000000001,0.32226899999999997,-0.0,1576658842942203044
0.005226000000000001,-3.940404,-1.4002999999999999,0.17018699999999998,-0.0,1576658842952200889
-0.0,-3.7679460000000002,-1.3801999999999999,0.481593,-0.0,1576658842962201118
-0.0,-4.619784,-1.0653000000000001,0.22088099999999997,-0.0,1576658842972210884
-0.0,-4.008342000000001,-1.9798499999999999,0.238986,-0.0034790000000000003,1576658842982172966
0.010452000000000001,-4.191252,-1.3333000000000002,0.4598669999999999,-0.0,1576658842992207050
-0.0,-3.7104600000000003,-1.1523999999999999,0.26795399999999997,-0.0,1576658843002211093
-0.0,-4.635462,-1.1088500000000001,0.14121899999999998,0.006958000000000001,1576658843012209892
0.005226000000000001,-4.635462,-1.4438499999999999,0.47073,-0.0034790000000000003,1576658843022219896
-0.0,-1.552122,-2.37515,0.27157499999999996,-0.0,1576658843032213926
-0.0,-4.280094,-0.6968,0.22088099999999997,0.0034790000000000003,1576658843042221069
-0.0,-4.348032,-0.7973000000000001,0.28967999999999994,-0.0,1576658843052211999
-0.0,-1.62006,-2.0301,0.34399499999999994,0.006958000000000001,1576658843062210083
0.005226000000000001,-1.1863020000000002,-1.0385,0.26795399999999997,-0.0,1576658843072210073
0.005226000000000001,-2.252406,-0.79395,0.32588999999999996,-0.0034790000000000003,1576658843082210063
-0.0,-4.854954000000001,-1.1792,0.31502699999999995,-0.0,1576658843092200994
-0.0,-2.597322,-0.9045000000000001,0.061557,-0.0,1576658843102188110
-0.0,-5.581368000000001,-1.7721500000000001,0.416415,0.0034790000000000003,1576658843112205982
-0.005226000000000001,-4.018794000000001,-1.1323,0.32226899999999997,-0.0,1576658843122205018
-0.0,-4.034472000000001,-1.4338,0.19915499999999997,-0.0,1576658843132221937
0.005226000000000001,-2.8063620000000005,-1.7353,0.420036,-0.0,1576658843142209053
-0.005226000000000001,-3.255798,-0.7437,0.36210000000000003,-0.006958000000000001,1576658843152178049
0.005226000000000001,-3.1565040000000004,-1.8324500000000004,0.123114,-0.0,1576658843162173032
-0.0,-3.6059400000000004,-1.7989500000000003,0.358479,-0.0,1576658843172204971
-0.005226000000000001,-3.1721820000000003,-1.4002999999999999,0.38744699999999993,-0.006958000000000001,1576658843182204961
-0.0,-2.858622000000001,-1.9966000000000002,0.35123699999999997,-0.006958000000000001,1576658843192209959
-0.0,-2.8952040000000006,-1.8291000000000002,0.333132,-0.0,1576658843202177047
0.005226000000000001,0.15678,-0.7101999999999999,0.300543,0.006958000000000001,1576658843212193965
-0.0,-3.328962,-0.74705,0.300543,-0.0,1576658843222213029
-0.0,-1.087008,-1.5376500000000002,0.300543,-0.010437,1576658843232208967
-0.0,-0.533052,-1.6247500000000001,0.27157499999999996,0.0034790000000000003,1576658843242209911
-0.015678,-4.666818,-0.5226000000000001,0.22812299999999996,-0.0,1576658843252207040
-0.0,-1.28037,-1.3299500000000002,0.17018699999999998,0.006958000000000001,1576658843262208938
-0.0,-3.3550920000000004,-1.57785,0.31140599999999996,-0.0,1576658843272207975
-0.0,-3.2192160000000003,-0.8509000000000001,0.26071199999999994,-0.0,1576658843282179117
-0.0,-1.1183640000000001,-0.7403500000000001,0.318648,-0.010437,1576658843292212963
-0.0,-3.00495,-2.1641,0.238986,-0.0,1576658843302203893
0.010452000000000001,-3.5066460000000004,-0.7805500000000001,0.365721,-0.0,1576658843312210083
0.010452000000000001,0.371046,-0.38860000000000006,0.18467099999999997,-0.0034790000000000003,1576658843322196960
-0.0,-3.020628,-2.0636,0.22812299999999996,-0.0,1576658843332206010
-0.010452000000000001,-0.8309340000000001,-1.0184,0.376584,-0.0,1576658843342209100
-0.0,-3.34464,-0.8442,0.34399499999999994,0.0034790000000000003,1576658843352176904
-0.0,-2.1060780000000006,-0.46230000000000004,0.300543,-0.0034790000000000003,1576658843362221956
0.005226000000000001,-0.7839,-0.88105,0.35123699999999997,-0.0,1576658843372210979
-0.005226000000000001,-4.666818,-1.7688000000000001,0.166566,0.006958000000000001,1576658843382208108
0.005226000000000001,-0.37627200000000005,-0.7604500000000001,0.32226899999999997,-0.0,1576658843392208099
-0.0,-2.498028,-1.0921,0.173808,-0.0,1576658843402204990
-0.010452000000000001,-1.3274040000000003,-1.8827000000000003,0.28605899999999995,0.006958000000000001,1576658843412203073
-0.0,-2.957916,-1.1055,0.304164,-0.0,1576658843422205924
-0.0,-3.3498660000000005,-0.804,0.18105000000000002,-0.0034790000000000003,1576658843432204961
-0.0,-2.7541020000000005,-2.16745,0.246228,-0.0,1576658843442207098
-0.0,-2.210598,-1.2931000000000001,-0.0,-0.0034790000000000003,1576658843452203989
0.005226000000000001,-4.933344,-1.8291000000000002,0.5648759999999999,-0.0,1576658843462203025
0.005226000000000001,-1.1183640000000001,-0.9915999999999999,0.7821359999999999,-0.0,1576658843472203969
0.005226000000000001,1.740258,-1.59795,0.19915499999999997,-0.0,1576658843482202053
-0.0,-5.482074,-1.7018000000000002,-0.025346999999999998,0.0034790000000000003,1576658843492206096
-0.0,0.6062160000000001,-0.9514,-0.34399499999999994,0.0034790000000000003,1576658843502202987
0.005226000000000001,-0.114972,-1.5108500000000002,0.246228,-0.0,1576658843512207984
-0.0,-6.349590000000001,-1.7755000000000003,1.2383819999999999,-0.0,1576658843522203922
-0.0,-1.499862,-0.07705000000000001,0.9776699999999999,-0.0,1576658843532202005
-0.010452000000000001,-2.0433660000000002,0.15075,0.532287,0.006958000000000001,1576658843542207956
-0.0,-1.573026,-0.17085,-0.09052500000000001,-0.006958000000000001,1576658843552206039
-0.0,-0.114972,-0.0737,-0.662643,-0.0034790000000000003,1576658843562191963
-0.005226000000000001,-0.141102,-0.23785,-0.304164,-0.0034790000000000003,1576658843572213888
-0.015678,-0.4285320000000001,-0.0067,0.318648,-0.0034790000000000003,1576658843582179069
-0.0,-0.773448,0.00335,0.249849,-0.0,1576658843592211008
-0.005226000000000001,-0.29788200000000004,0.7604500000000001,-0.36210000000000003,-0.006958000000000001,1576658843602206945
-0.005226000000000001,1.6461900000000003,-0.14070000000000002,-0.492456,-0.0034790000000000003,1576658843612205028
-0.0,-0.6950580000000001,1.3500500000000002,-0.061557,0.0034790000000000003,1576658843622210979
-0.0,2.9004300000000005,-0.5293,0.19915499999999997,0.010437,1576658843632174968
-0.005226000000000001,0.38149800000000006,1.6817000000000002,-0.242607,-0.0,1576658843642205953
0.005226000000000001,4.238286000000001,0.201,-0.6807479999999999,-0.0,1576658843652209997
-0.0,1.2437880000000001,2.34165,-0.496077,0.0034790000000000003,1576658843662209987
-0.0,2.3569260000000005,0.54605,-0.105009,-0.0,1576658843672204017
-0.005226000000000001,2.8638480000000004,2.278,0.021726,-0.0,1576658843682204008
0.005226000000000001,2.858622000000001,1.7286000000000001,0.22088099999999997,-0.0,1576658843692199945
-0.0,0.820482,0.8743500000000001,0.14483999999999997,-0.0,1576658843702207088
0.005226000000000001,3.652974,1.21605,-0.16294499999999998,-0.0,1576658843712210893
-0.015678,2.100852,0.23450000000000001,-0.42727799999999994,-0.0,1576658843722210884
-0.005226000000000001,4.060602000000001,1.59795,-0.32951099999999994,-0.010437,1576658843732189893
-0.0,1.970202,1.49075,-0.12673500000000001,-0.0,1576658843742180109
-0.0,1.6096080000000001,0.9514,-0.166566,-0.0,1576658843752213001
-0.0,1.552122,0.86765,-0.25347000000000003,-0.0,1576658843762237071
-0.005226000000000001,4.54662,1.3601,-0.25347000000000003,-0.0,1576658843772212028
-0.0,0.9040980000000001,0.9514,-0.14846099999999998,-0.0,1576658843782212972
-0.0,1.478958,2.0435000000000003,0.007242,0.0034790000000000003,1576658843792213916
-0.0,4.698174000000001,1.6147,-0.210018,0.0034790000000000003,1576658843802170038
-0.0,1.88136,1.32325,-0.43814099999999995,-0.0,1576658843812182903
-0.0,3.125148,1.6415,-0.34399499999999994,0.0034790000000000003,1576658843822212934
0.005226000000000001,3.166956,1.4539000000000002,-0.014484,-0.0034790000000000003,1576658843832211971
-0.0,-0.19858800000000001,0.8375,-0.003621,-0.0,1576658843842207908
-0.0,5.011734000000001,1.9429999999999998,-0.333132,-0.0,1576658843852205038
-0.0,0.616668,0.6063500000000001,-0.304164,-0.0,1576658843862210035
-0.0,0.193362,1.6214,-0.010863,-0.0,1576658843872210979
-0.0,5.7120180000000005,0.9413500000000001,-0.26433299999999993,-0.0,1576658843882205963
-0.005226000000000001,0.7943520000000001,0.8174,-0.477972,-0.0034790000000000003,1576658843892204999
-0.005226000000000001,1.886586,1.0988,0.003621,-0.010437,1576658843902209997
-0.0,5.67021,1.2462,-0.28243799999999997,0.0034790000000000003,1576658843912230968
-0.0,2.0433660000000002,0.30485,-0.25347000000000003,-0.0,1576658843922211885
-0.0,1.865682,1.4271,-0.003621,-0.0,1576658843932202100
-0.005226000000000001,2.440542,1.0217500000000002,-0.43451999999999996,-0.0,1576658843942203044
0.005226000000000001,-0.10452,0.9078500000000002,-0.300543,-0.0,1576658843952202081
-0.0,4.834050000000001,1.06195,-0.043452,0.0034790000000000003,1576658843962173938
-0.005226000000000001,0.360594,-0.43885,-0.32951099999999994,-0.0,1576658843972218990
-0.0,-0.9824880000000001,2.3383000000000003,-0.021726,-0.006958000000000001,1576658843982204914
0.005226000000000001,5.095350000000001,0.34504999999999997,-0.32588999999999996,0.010437,1576658843992204904
0.005226000000000001,1.17585,1.16245,-0.166566,-0.0,1576658844002201080
-0.0,1.552122,1.8458500000000002,-0.086904,-0.0,1576658844012208938
-0.0,2.513706,1.3333000000000002,-0.34037399999999995,-0.0,1576658844022203922
-0.0,0.57486,1.6247500000000001,-0.0,-0.0,1576658844032207965
-0.015678,3.1408260000000006,1.15575,-0.358479,-0.0034790000000000003,1576658844042208909
-0.005226000000000001,0.412854,1.3500500000000002,-0.086904,0.0034790000000000003,1576658844052207946
0.005226000000000001,-0.4389840000000001,1.3801999999999999,-0.115872,-0.0034790000000000003,1576658844062206983
-0.0,2.6652600000000004,0.6365000000000001,-0.19553399999999999,0.006958000000000001,1576658844072213888
-0.0,0.7264140000000001,1.1323,-0.076041,-0.0,1576658844082206010
0.005226000000000001,-0.047034000000000006,1.5410000000000001,-0.35123699999999997,-0.0034790000000000003,1576658844092211008
-0.0,1.4110200000000002,1.3467000000000002,-0.007242,-0.010437,1576658844102209091
-0.005226000000000001,2.8795260000000007,1.05525,-0.420036,-0.0034790000000000003,1576658844112206935
0.005226000000000001,-1.839552,1.5410000000000001,-0.057936,-0.0,1576658844122210979
-0.0,-0.19858800000000001,1.00165,-0.25347000000000003,0.0034790000000000003,1576658844132184982
-0.0,2.738424,1.1959499999999998,-0.19553399999999999,-0.0,1576658844142204046
-0.0,0.271752,1.1088500000000001,-0.26071199999999994,0.0034790000000000003,1576658844152203083
-0.0,0.5800860000000001,1.1591,-0.25347000000000003,-0.006958000000000001,1576658844162205934
-0.0,2.9370120000000006,1.3065000000000002,-0.018104999999999996,0.0034790000000000003,1576658844172209024
-0.0,1.991106,0.9983000000000001,-0.31140599999999996,-0.010437,1576658844182204008
-0.010452000000000001,1.4005680000000003,1.1792,0.115872,-0.0,1576658844192208051
0.005226000000000001,2.5764180000000003,0.84755,-0.22088099999999997,-0.0,1576658844202213048
-0.0,0.02613,1.1055,0.021726,0.006958000000000001,1576658844212208032
-0.0,1.478958,1.4170500000000001,-0.22450199999999998,-0.0,1576658844222208976
-0.0,0.34491600000000006,0.24789999999999998,-0.31502699999999995,-0.0,1576658844232208013
-0.0,1.4110200000000002,1.42375,0.105009,0.006958000000000001,1576658844242177963
-0.005226000000000001,1.3117260000000002,0.7571,-0.29692199999999996,-0.0,1576658844252207994
-0.0,0.9615840000000001,1.32325,-0.13397699999999998,0.006958000000000001,1576658844262212991
-0.005226000000000001,3.34464,1.69175,-0.173808,-0.0034790000000000003,1576658844272209882
-0.005226000000000001,3.1878600000000006,0.61975,-0.25709099999999996,0.010437,1576658844282217025
-0.0,2.2680840000000004,0.3618,0.11225099999999999,-0.006958000000000001,1576658844292176008
-0.0,2.3830560000000003,0.29815,-0.26433299999999993,-0.0,1576658844302206993
-0.0,1.076556,2.7805,-0.249849,-0.0,1576658844312206983
-0.0,3.3707700000000003,0.30820000000000003,0.068799,-0.0034790000000000003,1576658844322206974
-0.0,1.092234,0.9983000000000001,-0.123114,-0.0,1576658844332205057
-0.0,1.092234,0.056950000000000014,-0.13397699999999998,-0.0034790000000000003,1576658844342200994
-0.005226000000000001,3.6216180000000002,1.1724999999999999,0.03258899999999999,0.006958000000000001,1576658844352204084
0.015678,0.35014200000000006,0.19765,-0.22812299999999996,0.006958000000000001,1576658844362205982
0.010452000000000001,1.269918,-0.0134,-0.19553399999999999,-0.0,1576658844372201919
-0.0,0.13065000000000002,1.7554,-0.003621,0.0034790000000000003,1576658844382204055
-0.0,-0.08361600000000001,0.2144,0.07241999999999998,-0.0,1576658844392206907
-0.015678,5.492526,0.46565000000000006,-0.07241999999999998,-0.0,1576658844402204036
-0.005226000000000001,-3.2035380000000004,0.7872499999999999,-0.21725999999999998,-0.0,1576658844412177085
-0.0,2.2262760000000004,0.18425000000000002,-0.025346999999999998,-0.0,1576658844422156095
-0.0,5.471622,0.8877500000000002,-0.018104999999999996,-0.0,1576658844432202100
-0.0,0.16200600000000004,0.48910000000000003,-0.33675299999999997,-0.0034790000000000003,1576658844442202091
-0.005226000000000001,2.0433660000000002,0.26130000000000003,-0.152082,0.010437,1576658844452200889
-0.0,-0.271752,1.3065000000000002,-0.079662,-0.0,1576658844462202072
-0.0,0.125424,0.6499,0.300543,-0.0,1576658844472202062
0.005226000000000001,-0.465114,1.24285,0.010863,-0.0,1576658844482206106
-0.0,-0.5591820000000001,0.5896,-0.6735059999999999,0.0034790000000000003,1576658844492218971
-0.010452000000000001,3.2244420000000003,0.8710000000000001,-0.550392,0.006958000000000001,1576658844502207040
-0.0,-1.17585,1.45055,-0.086904,-0.0034790000000000003,1576658844512203931
-0.0,-0.271752,0.38525000000000004,0.249849,-0.0,1576658844522203922
-0.0,-0.21426600000000004,-0.48910000000000003,0.836451,-0.0,1576658844532207965
0.010452000000000001,-0.8466120000000001,1.4137,0.152082,-0.0,1576658844542210102
-0.0,-0.308334,1.89945,-0.14483999999999997,-0.0,1576658844552206993
-0.0,-0.292656,1.1658,-0.278817,-0.0,1576658844562208890
-0.005226000000000001,-0.30310800000000004,-0.63985,0.137598,-0.0034790000000000003,1576658844572206974
0.005226000000000001,-0.26130000000000003,-0.402,0.39830999999999994,-0.0,1576658844582206964
-0.0,-0.282204,-0.21105,-0.094146,0.010437,1576658844592211008
-0.0,-0.18813600000000003,-0.0938,-0.347616,-0.0,1576658844602164983
-0.0,-0.18291000000000002,-1.5209000000000001,-0.028968,-0.0,1576658844612215042
-0.0,-0.32923800000000003,-0.134,0.32951099999999994,-0.0,1576658844622179031
-0.0,-0.308334,-2.3014500000000004,0.18467099999999997,0.013916000000000001,1576658844632209062
0.005226000000000001,-0.30310800000000004,-0.2546,-0.10862999999999999,-0.0,1576658844642216920
-0.005226000000000001,-0.29788200000000004,-1.91285,0.22450199999999998,-0.0,1576658844652205944
-0.0,-0.292656,-1.4203999999999999,0.6300539999999999,-0.0,1576658844662204980
-0.005226000000000001,-0.318786,-1.4438499999999999,0.5141819999999999,-0.0,1576658844672215938
-0.0,-0.18291000000000002,-2.144,0.38744699999999993,0.0034790000000000003,1576658844682202100
-0.0,-0.07839,-1.6616000000000002,0.532287,-0.006958000000000001,1576658844692245960
-0.0,-0.40240200000000004,-2.09375,0.7242000000000001,-0.0,1576658844702171087
0.015678,-0.34491600000000006,-1.9463499999999998,0.6409169999999998,0.0034790000000000003,1576658844712199926
-0.005226000000000001,0.8413860000000002,-1.1993,0.5648759999999999,-0.0,1576658844722203969
-0.005226000000000001,-0.37627200000000005,-1.3936,0.333132,-0.0,1576658844732203960
-0.0,1.7925180000000005,-2.3918999999999997,0.22450199999999998,-0.0034790000000000003,1576658844742202997
0.010452000000000001,-0.9459060000000001,-1.6817000000000002,0.166566,-0.0,1576658844752177000
0.005226000000000001,2.50848,-1.2529,-0.11225099999999999,-0.0,1576658844762226104
-0.010452000000000001,0.459888,-2.08705,0.018104999999999996,-0.0,1576658844772209882
-0.005226000000000001,1.562574,-2.1038,0.5431499999999999,0.006958000000000001,1576658844782205104
-0.0,0.454662,-1.45725,0.36934199999999995,-0.010437,1576658844792210102
0.005226000000000001,2.3830560000000003,-1.8760000000000001,0.31140599999999996,0.0034790000000000003,1576658844802226066
-0.0,1.902264,-1.1724999999999999,0.13397699999999998,-0.006958000000000001,1576658844812216043
-0.0,3.015402,-1.45055,0.890766,-0.0034790000000000003,1576658844822227001
-0.0,1.2385620000000002,-2.4421500000000003,0.9595649999999999,0.0034790000000000003,1576658844832216978
-0.005226000000000001,3.3864480000000006,-2.08705,0.6771269999999999,-0.0,1576658844842206954
-0.0,1.3639860000000001,-1.47065,0.34037399999999995,-0.0034790000000000003,1576658844852205991
0.010452000000000001,3.146052,-0.9714999999999999,0.115872,-0.0,1576658844862207889
-0.005226000000000001,1.9074900000000001,-1.2830500000000002,-0.22812299999999996,0.0034790000000000003,1576658844872209072
-0.005226000000000001,4.102410000000001,-2.5694500000000002,0.043452,-0.006958000000000001,1576658844882201910
-0.0,1.1183640000000001,-1.6649500000000002,0.5902229999999999,-0.0,1576658844892208099
-0.0,2.205372,-1.23615,0.38020499999999996,-0.0,1576658844902209043
-0.0,2.7750060000000003,-2.6364500000000004,0.206397,-0.0034790000000000003,1576658844912226915
-0.0,2.294214,-1.8492000000000002,0.18467099999999997,-0.0,1576658844922162055
-0.0,3.3341880000000006,-2.17415,1.0500899999999997,-0.0034790000000000003,1576658844932208061
-0.0,0.585312,-1.9630999999999998,0.970428,-0.006958000000000001,1576658844942212104
-0.0,3.982212,-1.8458500000000002,0.582981,-0.0,1576658844952208995
-0.005226000000000001,1.9649760000000003,-1.5611000000000002,0.26795399999999997,-0.0,1576658844962194919
-0.0,1.8343260000000001,-1.97315,-0.14846099999999998,-0.0,1576658844972218990
-0.005226000000000001,3.2087640000000004,-1.9296,0.007242,-0.0034790000000000003,1576658844982213973
-0.0,0.7368659999999999,-2.0970999999999997,0.275196,-0.0,1576658844992192983
0.005226000000000001,1.12359,-1.69845,0.5793599999999999,-0.0,1576658845002201080
0.010452000000000001,2.200146,-2.2713000000000005,0.09052500000000001,-0.0,1576658845012212991
-0.005226000000000001,2.001558,-2.20765,-0.22450199999999998,-0.0034790000000000003,1576658845022178888
-0.0,2.69139,-2.04685,-0.173808,-0.0,1576658845032207965
-0.0,2.9161080000000004,-2.3449999999999998,0.275196,0.006958000000000001,1576658845042208909
0.005226000000000001,0.8779680000000002,-2.00665,0.7423049999999999,-0.0034790000000000003,1576658845052211046
-0.0,1.67232,-1.6147,0.333132,0.0034790000000000003,1576658845062211036
-0.0,2.3726040000000004,-1.38355,0.054314999999999995,0.0034790000000000003,1576658845072212934
-0.0,2.550288,-1.5175500000000002,0.481593,0.0034790000000000003,1576658845082211017
-0.0,1.8343260000000001,-1.8525500000000004,0.829209,-0.0,1576658845092210054
-0.0,0.17768400000000004,-2.0502,0.554013,-0.0034790000000000003,1576658845102221965
-0.0,3.198312,-1.6616000000000002,0.36210000000000003,-0.0,1576658845112215042
-0.010452000000000001,0.37627200000000005,-1.2596,0.086904,-0.0,1576658845122210025
-0.005226000000000001,1.917942,-1.06195,0.21725999999999998,0.0034790000000000003,1576658845132206916
-0.010452000000000001,3.5014200000000004,-1.5812,0.39468899999999996,-0.0,1576658845142209053
-0.0,1.9649760000000003,-1.9932499999999997,0.293301,-0.0,1576658845152201890
-0.0,-0.18291000000000002,-1.6314499999999998,0.188292,-0.0,1576658845162206888
-0.0,4.504812,-2.0970999999999997,0.26433299999999993,-0.0,1576658845172208070
-0.0,2.3882820000000002,-2.01335,0.22450199999999998,-0.0,1576658845182214021
0.005226000000000001,1.991106,-1.4941,0.19191299999999997,-0.0034790000000000003,1576658845192219018
-0.010452000000000001,3.1356,-1.5912499999999998,0.173808,-0.0034790000000000003,1576658845202178001
-0.0,2.7645540000000004,-2.16075,0.19191299999999997,-0.0,1576658845212208986
-0.0,1.4005680000000003,-1.85925,-0.028968,-0.0,1576658845222209930
-0.0,0.91455,-1.5008,-0.03620999999999999,-0.0,1576658845232177019
0.005226000000000001,3.182634,-1.6951,0.210018,-0.0,1576658845242194890
-0.005226000000000001,0.057486,-1.91955,0.15570299999999998,0.010437,1576658845252212047
-0.0,2.01201,-1.7386500000000003,-0.018104999999999996,-0.0,1576658845262204885
-0.0,1.076556,-1.6616000000000002,-0.12673500000000001,0.0034790000000000003,1576658845272206068
-0.0,1.2385620000000002,-1.1055,0.33675299999999997,-0.0,1576658845282206058
-0.0,3.4700640000000007,-1.4137,0.5395289999999999,-0.0,1576658845292207956
-0.005226000000000001,0.6532500000000001,-1.75205,-0.018104999999999996,0.010437,1576658845302211999
-0.005226000000000001,2.644356,-1.70515,-0.242607,-0.0,1576658845312210083
-0.0,3.4021260000000004,-1.1591,0.03620999999999999,-0.0,1576658845322211980
-0.0,-2.6234520000000003,-1.0787000000000002,0.275196,-0.0,1576658845332206964
-0.0,3.4491600000000004,-0.09045,0.054314999999999995,-0.0,1576658845342212915
-0.005226000000000001,3.7940760000000004,-1.5644500000000001,-0.31502699999999995,-0.0034790000000000003,1576658845352219104
0.005226000000000001,0.5069220000000001,-1.206,-0.36210000000000003,-0.0034790000000000003,1576658845362219095
0.005226000000000001,2.1426600000000002,-0.0804,-0.10862999999999999,-0.0,1576658845372209072
-0.0,0.6950580000000001,-2.2981000000000003,0.30778500000000003,-0.0,1576658845382214069
-0.0,1.1653980000000002,-1.3567500000000001,-0.07241999999999998,-0.0034790000000000003,1576658845392204046
0.005226000000000001,3.1774080000000002,-1.1289500000000001,-0.47073,-0.0,1576658845402198076
-0.0,-0.9929400000000002,-0.6063500000000001,-0.36934199999999995,-0.0,1576658845412209033
-0.005226000000000001,-0.229944,0.23785,-0.115872,-0.0,1576658845422205924
-0.0,2.6757120000000003,-2.18085,0.249849,-0.0,1576658845432215929
-0.0,-0.7002840000000001,-0.8743500000000001,-0.068799,-0.0,1576658845442217111
-0.0,0.8309340000000001,-1.2931000000000001,-0.5250449999999999,-0.0,1576658845452204942
-0.0,-0.533052,-2.0368,-0.32951099999999994,-0.0,1576658845462208032
-0.0,3.182634,-1.4874,-0.025346999999999998,-0.0,1576658845472203969
-0.0,-0.8675160000000002,-1.57115,0.293301,0.006958000000000001,1576658845482207059
-0.005226000000000001,-0.0,-0.41875,0.15570299999999998,-0.0,1576658845492211103
0.005226000000000001,1.087008,-0.8710000000000001,-0.115872,0.0034790000000000003,1576658845502240896
-0.0,-0.9981660000000001,-0.80735,-0.25347000000000003,-0.0,1576658845512217998
-0.010452000000000001,-0.010452000000000001,-1.89275,0.19191299999999997,0.0034790000000000003,1576658845522216081
-0.005226000000000001,-0.146328,-2.0401499999999997,0.554013,-0.006958000000000001,1576658845532218933
-0.0,-0.17245800000000003,-1.1691500000000001,0.31502699999999995,-0.0034790000000000003,1576658845542227029
-0.0,-0.282204,-1.7219000000000002,-0.028968,-0.0034790000000000003,1576658845552227020
-0.010452000000000001,-0.10452,-1.70515,0.159324,-0.0,1576658845562190055
-0.005226000000000001,-0.16200600000000004,-0.0402,0.376584,-0.0,1576658845572213888
0.010452000000000001,-0.21426600000000004,-0.39195,0.137598,0.0034790000000000003,1576658845582227945
-0.0,-0.20381400000000002,-1.0217500000000002,0.123114,0.0034790000000000003,1576658845592215061
-0.0,-0.20904,-0.54605,0.115872,-0.0,1576658845602216958
0.005226000000000001,-0.21949200000000005,-0.55275,0.10138799999999999,-0.0,1576658845612215995
0.005226000000000001,-0.20904,0.8877500000000002,0.14121899999999998,-0.0,1576658845622205018
-0.0,-0.18813600000000003,0.65995,0.293301,-0.0034790000000000003,1576658845632220029
-0.0,-0.09929400000000001,1.1523999999999999,0.39106799999999997,0.006958000000000001,1576658845642211914
-0.010452000000000001,-0.015678,0.1876,0.358479,0.006958000000000001,1576658845652211904
0.005226000000000001,0.8048040000000001,1.7587500000000003,0.5250449999999999,-0.0,1576658845662204980
-0.0,-0.8936460000000002,1.0251,0.5793599999999999,-0.0,1576658845672210931
0.005226000000000001,-0.12019800000000001,0.32495,0.5395289999999999,0.0034790000000000003,1576658845682212114
-0.005226000000000001,1.1444940000000001,0.8643000000000001,0.5178029999999999,0.0034790000000000003,1576658845692210912
-0.0,-0.40240200000000004,1.1088500000000001,0.5069400000000001,-0.0,1576658845702208995
-0.005226000000000001,2.8743000000000007,1.4606000000000001,0.481593,-0.0034790000000000003,1576658845712212085
-0.0,-0.7368659999999999,0.99495,0.29692199999999996,-0.006958000000000001,1576658845722203969
-0.010452000000000001,2.24718,1.4405000000000001,0.43451999999999996,-0.0,1576658845732222080
-0.005226000000000001,1.092234,1.1792,0.6264329999999999,-0.0,1576658845742212057
0.010452000000000001,2.0747220000000004,1.29645,0.416415,0.0034790000000000003,1576658845752211093
-0.005226000000000001,0.8048040000000001,1.0117,-0.061557,0.0034790000000000003,1576658845762208938
-0.0,2.884752,1.3333000000000002,0.014484,-0.0,1576658845772207021
-0.0,2.3203440000000004,1.0586,0.40555199999999997,-0.0,1576658845782200098
-0.0,2.309892,1.45725,0.6191909999999999,-0.0,1576658845792206048
-0.0,1.687998,1.4438499999999999,0.206397,-0.0,1576658845802205085
-0.0,3.89337,2.2378,-0.018104999999999996,0.0034790000000000003,1576658845812211990
-0.0,3.407352000000001,1.5912499999999998,0.32951099999999994,-0.0034790000000000003,1576658845822139978
0.005226000000000001,1.0347480000000002,1.2830500000000002,0.709716,-0.0,1576658845832206010
-0.0,3.287154,1.4740000000000002,0.412794,-0.0,1576658845842209100
-0.010452000000000001,1.6096080000000001,1.9630999999999998,0.210018,-0.006958000000000001,1576658845852210044
-0.0,2.184468,1.05525,0.40555199999999997,-0.0,1576658845862205028
0.005226000000000001,3.7522680000000004,1.3199,0.955944,0.0034790000000000003,1576658845872208118
-0.0,0.75777,1.3266000000000002,0.7386839999999999,-0.0,1576658845882206916
0.010452000000000001,3.820206,1.2495500000000002,0.532287,-0.0,1576658845892214059
-0.0,0.6584760000000001,1.5611000000000002,0.28605899999999995,-0.0,1576658845902206897
-0.005226000000000001,2.0276880000000004,1.5108500000000002,0.40555199999999997,-0.0034790000000000003,1576658845912200927
-0.0,1.2960480000000003,1.06865,0.887145,-0.0,1576658845922209978
-0.0,1.6252860000000002,1.75205,0.5214239999999999,-0.0034790000000000003,1576658845932209014
0.005226000000000001,3.4282560000000006,1.2696500000000002,0.09052500000000001,-0.0,1576658845942181110
-0.0,0.318786,1.7688000000000001,-0.173808,-0.0,1576658845952210903
0.010452000000000001,0.825708,1.3868999999999998,0.010863,-0.0,1576658845962212085
-0.0,4.044924,1.0586,0.36934199999999995,-0.0,1576658845972203016
-0.0,-0.308334,0.8743500000000001,0.210018,-0.0034790000000000003,1576658845982202053
-0.0,0.224718,0.22445000000000004,0.177429,-0.0,1576658845992201089
-0.0,2.3151180000000005,2.0703,0.22812299999999996,-0.0,1576658846002206087
0.005226000000000001,1.4580540000000002,1.67835,0.06517799999999999,-0.0,1576658846012206077
-0.0,2.466672,0.7638,0.13397699999999998,-0.0,1576658846022208929
-0.005226000000000001,3.015402,0.5829,0.4598669999999999,-0.0,1576658846032177925
-0.005226000000000001,2.184468,1.206,0.7060949999999999,-0.0,1576658846042211055
-0.0,2.095626,0.6733500000000001,0.318648,-0.0,1576658846052211046
0.010452000000000001,0.23517,1.2797,0.119493,-0.0,1576658846062175989
-0.005226000000000001,3.08334,1.03515,0.47435099999999997,-0.0,1576658846072206974
-0.0,2.0172360000000005,0.7705000000000001,0.8147249999999999,-0.0,1576658846082206964
-0.005226000000000001,2.0851740000000003,1.57115,0.481593,-0.0,1576658846092176914
-0.0,1.95975,1.1490500000000001,0.057936,-0.0034790000000000003,1576658846102210044
-0.010452000000000001,1.7089020000000001,0.5728500000000001,-0.003621,-0.0,1576658846112211942
-0.0,1.7141280000000003,0.6231,0.36934199999999995,-0.0,1576658846122208118
0.010452000000000001,1.1915280000000001,1.5443500000000001,0.5286659999999999,-0.0,1576658846132209062
-0.0,1.6096080000000001,0.9380000000000001,0.13035599999999997,0.0034790000000000003,1576658846142219066
-0.010452000000000001,1.3274040000000003,0.7705000000000001,0.003621,-0.0,1576658846152211904
-0.015678,3.093792,0.86765,0.25347000000000003,-0.0,1576658846162214040
-0.0,0.7055100000000001,0.6164000000000001,0.26433299999999993,-0.0034790000000000003,1576658846172209024
0.005226000000000001,0.48601800000000006,0.8643000000000001,0.19915499999999997,0.0034790000000000003,1576658846182209014
-0.005226000000000001,1.4894100000000001,1.0653000000000001,0.018104999999999996,-0.0034790000000000003,1576658846192207098
0.005226000000000001,2.309892,0.9681499999999998,0.20277599999999998,-0.0,1576658846202200889
-0.0,1.4005680000000003,1.1189,0.010863,-0.0,1576658846212205886
-0.0,0.41808,0.39865000000000006,-0.173808,0.0034790000000000003,1576658846222210884
-0.005226000000000001,1.4580540000000002,1.4740000000000002,-0.0,-0.0,1576658846232213020
-0.0,2.8115880000000004,1.3132000000000001,0.03620999999999999,0.006958000000000001,1576658846242208003
0.005226000000000001,1.8761340000000002,-0.0402,-0.188292,0.0034790000000000003,1576658846252203941
0.005226000000000001,1.154946,0.48574999999999996,-0.20277599999999998,-0.0,1576658846262203931
-0.0,0.475566,0.7772000000000001,-0.0,-0.0,1576658846272211074
-0.0,0.5800860000000001,0.81405,0.354858,-0.0,1576658846282172918
-0.005226000000000001,2.053818,1.0854000000000001,-0.0,-0.0034790000000000003,1576658846292207002
-0.0,1.4632800000000001,0.65995,-0.463488,0.0034790000000000003,1576658846302201986
-0.0,0.825708,0.6365000000000001,-0.25347000000000003,-0.0,1576658846312202930
-0.0,0.8152560000000001,0.3752,-0.14483999999999997,-0.0,1576658846322170972
0.010452000000000001,0.7525440000000001,0.43885,-0.30778500000000003,-0.0034790000000000003,1576658846332201004
-0.0,0.114972,0.43885,-0.6300539999999999,0.0034790000000000003,1576658846342202901
-0.0,1.4266980000000002,0.67,-0.709716,-0.0,1576658846352214097
-0.0,1.520766,-0.07035000000000001,-0.5141819999999999,-0.0,1576658846362207889
0.010452000000000001,1.4319240000000002,0.23115000000000002,-0.32951099999999994,-0.0,1576658846372174978
-0.0,0.9668100000000001,0.9714999999999999,-0.333132,-0.0,1576658846382219076
-0.0,0.7786740000000001,0.0536,-0.365721,-0.0,1576658846392206907
-0.005226000000000001,0.925002,0.65995,-0.47435099999999997,-0.0,1576658846402208089
-0.005226000000000001,-0.16200600000000004,0.0469,-0.5359079999999999,-0.0,1576658846412208080
-0.0,0.799578,-0.14404999999999998,-0.22088099999999997,-0.0,1576658846422173976
-0.010452000000000001,2.5764180000000003,0.9983000000000001,-0.4019309999999999,-0.0,1576658846432204961
-0.0,-1.562574,-0.41540000000000005,-0.32588999999999996,-0.0,1576658846442203998
0.005226000000000001,1.3901160000000001,-0.1474,-0.14121899999999998,-0.0,1576658846452210903
-0.020904000000000002,-0.62712,1.34335,-0.0,-0.0,1576658846462208986
-0.005226000000000001,0.224718,0.30820000000000003,0.028968,-0.0,1576658846472177028
-0.005226000000000001,1.301274,0.28140000000000004,-0.242607,-0.010437,1576658846482209920
-0.005226000000000001,-1.14972,-0.15075,-0.6445379999999999,-0.0,1576658846492212057
-0.0,0.5696340000000001,-0.4489000000000001,-0.477972,-0.0034790000000000003,1576658846502207040
-0.0,0.5800860000000001,0.201,-0.40555199999999997,-0.0,1576658846512212038
-0.005226000000000001,-0.015678,0.9915999999999999,-0.38744699999999993,-0.010437,1576658846522219896
-0.0,0.067938,-0.7169,-0.376584,0.0034790000000000003,1576658846532208919
-0.0,0.8466120000000001,0.50585,-0.38020499999999996,-0.0,1576658846542208909
-0.005226000000000001,1.6618680000000001,0.7973000000000001,-0.47435099999999997,-0.0,1576658846552206993
-0.005226000000000001,-2.3203440000000004,-0.28140000000000004,-0.5938439999999999,-0.0,1576658846562210083
-0.0,-0.8936460000000002,1.1122,-0.546771,-0.0,1576658846572210073
-0.0,-0.6532500000000001,-1.0184,-0.42727799999999994,-0.0,1576658846582207918
-0.0,-0.925002,-0.5159,-0.47073,-0.0,1576658846592206954
-0.005226000000000001,-0.8413860000000002,-0.49915000000000004,-0.499698,-0.0034790000000000003,1576658846602202892
-0.0,-1.0347480000000002,-0.46900000000000003,-0.47073,0.0034790000000000003,1576658846612209081
-0.0,-4.7295300000000005,-1.7855500000000002,-0.20277599999999998,0.006958000000000001,1576658846622205972
-0.005226000000000001,-6.459336000000001,-2.40865,-0.177429,0.0034790000000000003,1576658846632206916
-0.0,-5.894927999999999,-1.608,-0.20277599999999998,-0.006958000000000001,1576658846642127990
-0.0,-4.9647,-2.7101500000000005,-0.13035599999999997,-0.0,1576658846652205944
-0.005226000000000001,-4.771338,-1.9831999999999999,0.039831,0.006958000000000001,1576658846662204027
-0.0,-7.096908000000001,-3.644800000000001,0.076041,0.0034790000000000003,1576658846672205924
-0.020904000000000002,-4.969926,-3.29305,-0.25347000000000003,-0.0,1576658846682203054
-0.005226000000000001,-4.4734560000000005,-2.3449999999999998,-0.10138799999999999,-0.010437,1576658846692203998
-0.0,-5.550012000000001,-3.03845,-0.021726,-0.0034790000000000003,1576658846702209949
-0.0,-4.222608,-3.2226999999999997,0.28967999999999994,-0.0,1576658846712203025
-0.005226000000000001,-4.7765640000000005,-2.08035,0.550392,-0.006958000000000001,1576658846722207069
-0.0,-3.637296,-2.99155,0.463488,-0.0,1576658846732206106
0.010452000000000001,-5.440266,-3.0284,0.300543,-0.006958000000000001,1576658846742214918
-0.010452000000000001,-5.978543999999999,-1.4271,0.18467099999999997,-0.0,1576658846752214908
-0.0,-6.934902,-2.38185,0.021726,-0.0,1576658846762208938
-0.0,-8.513154,-3.3768,-0.14846099999999998,-0.0,1576658846772224903
-0.0,-5.837442,-2.6398,-0.050693999999999996,-0.0,1576658846782190084
-0.010452000000000001,-4.980378000000001,-3.4572000000000003,-0.014484,-0.0,1576658846792215108
-0.005226000000000001,-6.626568000000001,-2.73025,0.36210000000000003,-0.0,1576658846802212953
-0.0,-5.544786,-2.24115,0.7350629999999999,-0.0,1576658846812211036
-0.0,-6.192810000000001,-2.1942500000000003,0.39830999999999994,-0.0,1576658846822208881
-0.0,-6.809478,-3.2729500000000002,0.123114,0.0034790000000000003,1576658846832207918
-0.0,-5.847894,-2.29475,-0.043452,0.0034790000000000003,1576658846842189073
0.005226000000000001,-7.431372,-2.06025,0.22450199999999998,0.0034790000000000003,1576658846852196931
-0.0,-6.433206000000001,-3.5979000000000005,0.173808,0.0034790000000000003,1576658846862175941
-0.0,-7.467954000000001,-3.0619000000000005,0.18105000000000002,-0.0,1576658846872208118
-0.0,-8.288436,-2.4823500000000003,0.13397699999999998,-0.0,1576658846882210016
-0.0,-6.55863,-2.9614000000000003,0.238986,-0.0,1576658846892205953
-0.0,-6.015126,-3.44715,0.047073,-0.0,1576658846902204036
-0.0,-6.151002000000001,-2.4388,0.007242,0.0034790000000000003,1576658846912204027
-0.0,-5.936736,-2.6934000000000005,0.25709099999999996,-0.0,1576658846922204017
-0.0,-5.67021,-1.8693000000000002,0.278817,-0.0,1576658846932207107
-0.005226000000000001,-6.454110000000001,-3.1088000000000005,0.19553399999999999,-0.0,1576658846942202091
-0.005226000000000001,-6.192810000000001,-1.9162,0.22450199999999998,0.0034790000000000003,1576658846952205896
-0.0,-5.27826,-2.6699500000000005,0.32226899999999997,-0.0,1576658846962203025
-0.0,-5.811312000000001,-1.8257500000000002,0.018104999999999996,-0.0034790000000000003,1576658846972204923
0.010452000000000001,-5.1737400000000004,-2.1942500000000003,0.347616,-0.0,1576658846982204914
-0.0,-5.764278000000001,-2.88435,0.21363899999999997,0.006958000000000001,1576658846992213964
-0.0,-5.555238000000001,-1.9095,0.010863,-0.0034790000000000003,1576658847002177000
-0.0,-6.004674000000001,-2.0033,0.29692199999999996,-0.0,1576658847012212038
-0.0,-4.943796,-2.7168500000000004,0.166566,-0.0,1576658847022214889
-0.0,-5.821764000000001,-2.2378,0.123114,-0.006958000000000001,1576658847032207965
-0.0,-5.079672,-2.1976,0.333132,0.006958000000000001,1576658847042208909
-0.0,-4.750434,-2.81065,0.19915499999999997,0.0034790000000000003,1576658847052208900
-0.0,-5.090124,-2.05355,0.26433299999999993,-0.0,1576658847062213897
-0.005226000000000001,-3.820206,-1.89275,0.039831,0.0034790000000000003,1576658847072190999
-0.0,-5.607498,-1.9564000000000001,0.054314999999999995,-0.0034790000000000003,1576658847082175970
-0.0,-5.450718,-2.4254000000000002,0.32951099999999994,0.0034790000000000003,1576658847092206001
-0.0,-5.675436,-2.0636,0.014484,0.0034790000000000003,1576658847102205991
0.005226000000000001,-4.54662,-2.46895,0.44900399999999996,-0.0,1576658847112205028
-0.0,-4.954248000000001,-1.5443500000000001,0.039831,0.0034790000000000003,1576658847122176885
-0.0,-4.692948,-1.83915,0.22088099999999997,-0.0034790000000000003,1576658847132215976
0.005226000000000001,-5.335745999999999,-2.75035,0.079662,0.0034790000000000003,1576658847142211914
-0.0,-4.013568,-2.0703,0.318648,-0.0,1576658847152215957
0.005226000000000001,-4.541394,-2.2713000000000005,0.177429,0.0034790000000000003,1576658847162219047
-0.0,-5.790408000000001,-2.0401499999999997,0.115872,-0.0,1576658847172204971
-0.010452000000000001,-6.14055,-2.4421500000000003,0.318648,-0.0034790000000000003,1576658847182204008
-0.010452000000000001,-2.95269,-2.6096500000000002,0.13035599999999997,-0.0034790000000000003,1576658847192204952
-0.0,-5.0326379999999995,-2.3316,0.39106799999999997,-0.0,1576658847202174901
-0.0,-4.802694000000001,-2.7737999999999996,-0.047073,-0.0,1576658847212218046
0.010452000000000001,-4.0867320000000005,-1.09545,0.29692199999999996,-0.0034790000000000003,1576658847222213029
-0.0,-5.947188,-0.7370000000000001,0.10138799999999999,-0.0,1576658847232208967
-0.0,-3.166956,-1.0251,0.086904,-0.0,1576658847242177963
-0.0,-4.034472000000001,-0.9346500000000001,0.300543,-0.0,1576658847252187967
-0.0,-3.078114,-1.29645,-0.054314999999999995,0.006958000000000001,1576658847262190103
0.005226000000000001,-4.583202000000001,-1.2998,0.318648,-0.0,1576658847272212982
-0.0,-4.766112000000001,-1.2897500000000002,-0.09776699999999999,0.0034790000000000003,1576658847282207965
-0.005226000000000001,-3.7365900000000005,-1.1189,0.09052500000000001,-0.0034790000000000003,1576658847292205095
-0.0,-4.217382000000001,0.11725000000000001,0.12673500000000001,0.0034790000000000003,1576658847302201986
-0.0,-4.107636,0.13735,-0.03258899999999999,0.0034790000000000003,1576658847312205076
-0.0,-4.02402,-1.16245,0.34037399999999995,-0.0,1576658847322176933
-0.005226000000000001,-1.2960480000000003,0.8308000000000001,0.039831,-0.0,1576658847332211971
-0.005226000000000001,-3.3655440000000008,0.38860000000000006,0.018104999999999996,-0.0034790000000000003,1576658847342199087
-0.0,-4.300998000000001,0.0201,0.19191299999999997,-0.0034790000000000003,1576658847352209091
-0.0,-2.1217560000000004,1.1691500000000001,-0.123114,-0.0,1576658847362212896
-0.005226000000000001,-5.288712,0.1608,0.079662,0.006958000000000001,1576658847372209072
-0.010452000000000001,-4.760886000000001,0.8710000000000001,0.18467099999999997,-0.0,1576658847382210016
0.010452000000000001,-4.055376000000001,0.25125,-0.054314999999999995,-0.0,1576658847392148971
0.010452000000000001,-4.400292,0.32830000000000004,0.173808,-0.006958000000000001,1576658847402209997
-0.010452000000000001,-5.440266,0.42545000000000005,0.29692199999999996,-0.0,1576658847412208080
0.010452000000000001,-3.9560820000000003,0.22780000000000006,-0.0,-0.0,1576658847422204971
-0.015678,-2.095626,0.1206,-0.09052500000000001,-0.0,1576658847432213068
-0.0,-3.4230300000000007,0.6164000000000001,0.094146,-0.0,1576658847442209005
-0.0,-3.7365900000000005,1.4673,0.083283,0.0034790000000000003,1576658847452203035
-0.0,-2.69139,0.75375,0.014484,0.0034790000000000003,1576658847462178945
0.005226000000000001,-1.917942,0.47905,0.137598,-0.0034790000000000003,1576658847472199916
-0.005226000000000001,-5.502978000000001,1.8425000000000002,-0.007242,-0.0034790000000000003,1576658847482202053
-0.0,-1.5573480000000002,0.32830000000000004,0.010863,-0.0,1576658847492211103
0.005226000000000001,-5.283486,-0.7303000000000001,-0.086904,-0.0034790000000000003,1576658847502198934
-0.0,-4.384614,1.7989500000000003,0.36934199999999995,0.0034790000000000003,1576658847512208938
-0.0,-2.7645540000000004,0.15075,0.485214,-0.0,1576658847522177934
0.005226000000000001,-4.562298,0.6063500000000001,0.050693999999999996,-0.006958000000000001,1576658847532206058
0.005226000000000001,-4.081506000000001,1.45055,-0.6807479999999999,-0.0,1576658847542208909
0.005226000000000001,-3.3550920000000004,0.7169,-0.8436929999999999,-0.0,1576658847552206993
-0.0,-3.093792,-0.48574999999999996,-0.076041,-0.0,1576658847562206983
-0.0,-4.734756000000001,-0.5862499999999999,0.29692199999999996,-0.006958000000000001,1576658847572206020
-0.0,-1.2594660000000002,-0.49245,0.22450199999999998,0.006958000000000001,1576658847582207918
-0.0,-2.5189320000000004,-0.28140000000000004,-0.173808,-0.0,1576658847592206954
-0.0,2.006784,-0.3752,-0.235365,0.006958000000000001,1576658847602211952
-0.015678,-1.3848900000000004,-0.34504999999999997,-0.050693999999999996,-0.0,1576658847612176895
-0.0,2.2837620000000003,-0.8743500000000001,0.09052500000000001,-0.0,1576658847622206926
-0.0,1.2072060000000002,-2.2579000000000002,-0.105009,-0.0,1576658847632203102
-0.0,2.769780000000001,-2.2244,-0.492456,-0.006958000000000001,1576658847642204046
-0.0,1.546896,-2.1105,-0.503319,0.0034790000000000003,1576658847652224063
-0.005226000000000001,2.450994,-1.8458500000000002,-0.37296299999999993,-0.0,1576658847662199974
0.005226000000000001,1.3796640000000002,-2.2579000000000002,-0.5395289999999999,-0.0,1576658847672208070
-0.0,1.9754280000000002,-2.57615,-0.492456,0.0034790000000000003,1576658847682228088
0.005226000000000001,1.562574,-1.8224000000000005,-0.655401,-0.0,1576658847692188024
0.005226000000000001,2.571192,-1.7185500000000002,-0.7423049999999999,0.006958000000000001,1576658847702225923
0.010452000000000001,2.0276880000000004,-1.61805,-0.5214239999999999,-0.0,1576658847712210893
0.005226000000000001,3.9874380000000005,-2.47565,-0.532287,0.0034790000000000003,1576658847722214937
-0.0,2.6652600000000004,-2.3852,-0.39830999999999994,-0.0,1576658847732209920
-0.0,1.8552300000000002,-2.1306000000000003,-0.26795399999999997,-0.0,1576658847742207050
-0.0,3.2976060000000005,-2.3785,-0.210018,-0.0034790000000000003,1576658847752218008
-0.0,0.34491600000000006,-2.58955,-0.582981,-0.0034790000000000003,1576658847762176990
-0.0,3.6582,-2.77045,-0.6481589999999998,0.0034790000000000003,1576658847772208929
-0.0,2.16879,-1.4170500000000001,-0.6445379999999999,-0.0034790000000000003,1576658847782210111
-0.005226000000000001,-0.742092,-0.0737,-0.496077,0.0034790000000000003,1576658847792211055
-0.0,3.7836240000000005,-3.6247000000000003,-0.22088099999999997,-0.0,1576658847802198886
0.010452000000000001,1.0138440000000002,-2.0234,-0.18467099999999997,-0.0034790000000000003,1576658847812215089
-0.0,0.386724,-2.3182,-0.6336749999999999,-0.0,1576658847822175025
0.005226000000000001,2.8533960000000005,-2.5393000000000003,-0.561255,-0.0034790000000000003,1576658847832202911
-0.0,0.412854,-2.6934000000000005,-0.30778500000000003,-0.0,1576658847842207908
-0.010452000000000001,0.44421000000000005,-2.6833500000000003,-0.38382599999999995,0.0034790000000000003,1576658847852202892
-0.005226000000000001,2.7541020000000005,-1.89945,-0.5721179999999999,-0.0,1576658847862202882
-0.005226000000000001,1.269918,-2.02675,-0.6191909999999999,-0.0,1576658847872162103
0.005226000000000001,1.7768400000000002,-2.3115,-0.19191299999999997,-0.0,1576658847882174015
-0.005226000000000001,2.48235,-1.4438499999999999,-0.5178029999999999,0.0034790000000000003,1576658847892194032
-0.005226000000000001,1.917942,-2.29475,-0.5395289999999999,-0.0034790000000000003,1576658847902209997
-0.0,2.7018420000000005,-1.81905,-0.15570299999999998,-0.0,1576658847912209987
-0.010452000000000001,1.1915280000000001,-1.6951,-0.481593,0.0034790000000000003,1576658847922210931
-0.005226000000000001,2.8638480000000004,-2.2847000000000004,-0.5721179999999999,-0.0034790000000000003,1576658847932208061
-0.0,1.583478,-2.14065,-0.249849,-0.0,1576658847942210912
-0.0,1.066104,-2.43545,-0.43814099999999995,0.0034790000000000003,1576658847952204942
-0.005226000000000001,1.233336,-2.1708000000000003,-0.554013,-0.0034790000000000003,1576658847962177991
-0.020904000000000002,1.066104,-2.4388,-0.105009,0.0034790000000000003,1576658847972207069
-0.0,1.9231680000000002,-1.7822,-0.43814099999999995,-0.0034790000000000003,1576658847982217073
-0.015678,2.111304,-2.1105,-0.409173,0.010437,1576658847992212057
-0.0,2.8063620000000005,-2.6063,-0.177429,-0.0,1576658848002201080
-0.0,-0.010452000000000001,-1.98655,-0.557634,-0.0,1576658848012223005
-0.0,1.9806540000000004,-2.5560500000000004,-0.206397,-0.0034790000000000003,1576658848022212028
-0.0,4.583202000000001,-2.9078000000000004,-0.235365,0.0034790000000000003,1576658848032211065
-0.005226000000000001,0.898872,-2.20095,-0.5286659999999999,-0.0,1576658848042182922
0.005226000000000001,0.543504,-2.06025,-0.068799,0.0034790000000000003,1576658848052208900
-0.010452000000000001,2.8115880000000004,-2.24115,-0.39468899999999996,-0.0,1576658848062210083
-0.0,0.54873,-1.7956000000000003,-0.238986,0.0034790000000000003,1576658848072220087
-0.015678,2.6234520000000003,-1.8659500000000002,-0.13397699999999998,-0.0,1576658848082212924
-0.0,3.7365900000000005,-1.5946000000000002,-0.5648759999999999,-0.0034790000000000003,1576658848092220067
-0.0,1.6827720000000004,-1.9497,-0.003621,-0.0,1576658848102209091
-0.005226000000000001,2.2837620000000003,-1.71185,-0.32951099999999994,-0.0034790000000000003,1576658848112209081
-0.0,2.8899780000000006,-2.18085,-0.047073,-0.006958000000000001,1576658848122210025
0.005226000000000001,1.95975,-2.06695,-0.086904,-0.0,1576658848132205963
-0.005226000000000001,1.4946359999999999,-1.9966000000000002,-0.503319,-0.0,1576658848142211914
-0.015678,-0.7839,-0.9882500000000001,-0.0,-0.0034790000000000003,1576658848152134895
-0.005226000000000001,1.9963320000000002,-2.3115,-0.318648,-0.0,1576658848162204980
-0.005226000000000001,2.63913,-1.9899,-0.086904,-0.006958000000000001,1576658848172200918
-0.0,0.9040980000000001,-1.2495500000000002,-0.105009,-0.0034790000000000003,1576658848182200908
-0.0,2.24718,-2.24115,-0.28967999999999994,-0.0034790000000000003,1576658848192210912
-0.005226000000000001,1.4632800000000001,-1.7721500000000001,0.028968,0.0034790000000000003,1576658848202205896
-0.0,3.0258540000000003,-1.5946000000000002,-0.376584,-0.0,1576658848212193965
-0.0,1.6305120000000002,-1.5142,-0.119493,-0.0034790000000000003,1576658848222202062
-0.0,-1.546896,-1.9497,-0.03258899999999999,-0.0034790000000000003,1576658848232211112
0.005226000000000001,4.368936,-1.1926,-0.242607,-0.0,1576658848242209911
-0.010452000000000001,0.9877140000000001,-0.79395,-0.0,-0.006958000000000001,1576658848252208948
-0.0,-0.4964700000000001,-1.3868999999999998,-0.18105000000000002,-0.0,1576658848262208938
-0.0,4.818372000000001,-1.8693000000000002,-0.11225099999999999,0.006958000000000001,1576658848272218942
0.005226000000000001,-0.057486,-1.1055,0.11225099999999999,-0.0,1576658848282211065
-0.0,0.33446400000000004,-0.7839,-0.19553399999999999,-0.0034790000000000003,1576658848292208909
-0.0,4.431648,-1.3132000000000001,-0.050693999999999996,-0.0034790000000000003,1576658848302227020
-0.0,0.047034000000000006,-1.47735,-0.03258899999999999,0.0034790000000000003,1576658848312210083
-0.0,1.6618680000000001,-1.5309500000000003,-0.32588999999999996,-0.0,1576658848322207927
-0.0,2.48235,-0.6968,0.018104999999999996,-0.0,1576658848332207918
-0.010452000000000001,1.4266980000000002,-2.08705,0.13397699999999998,0.0034790000000000003,1576658848342178106
0.005226000000000001,1.62006,-1.6616000000000002,-0.22088099999999997,0.006958000000000001,1576658848352210998
0.005226000000000001,0.7891260000000001,-1.47065,-0.0,0.0034790000000000003,1576658848362230062
0.005226000000000001,2.132208,-1.6214,-0.0,-0.0,1576658848372180938
0.010452000000000001,0.9877140000000001,-0.402,-0.293301,-0.0,1576658848382209062
-0.0,3.8097540000000003,-0.11725000000000001,-0.14483999999999997,-0.0,1576658848392210960
-0.005226000000000001,1.322178,-1.6281,0.137598,-0.0034790000000000003,1576658848402206897
-0.0,0.5696340000000001,-1.0251,0.18105000000000002,-0.0,1576658848412203073
-0.0,1.003392,-1.1323,-0.12673500000000001,-0.010437,1576658848422208070
-0.010452000000000001,2.461446,-1.1591,-0.083283,0.0034790000000000003,1576658848432173967
-0.010452000000000001,1.8238740000000002,-0.43550000000000005,0.07241999999999998,-0.0034790000000000003,1576658848442204952
-0.0,2.3360220000000003,-1.91285,-0.03620999999999999,-0.0034790000000000003,1576658848452208995
0.005226000000000001,1.4319240000000002,-1.01505,-0.28243799999999997,0.0034790000000000003,1576658848462198019
0.005226000000000001,1.651416,-1.7018000000000002,-0.076041,-0.0034790000000000003,1576658848472204923
0.005226000000000001,3.2976060000000005,-1.608,0.39106799999999997,-0.010437,1576658848482212066
0.005226000000000001,0.5226000000000001,-1.0854000000000001,0.18105000000000002,0.0034790000000000003,1576658848492207050
-0.0,1.6775460000000002,-1.2864,-0.5250449999999999,-0.0034790000000000003,1576658848502211093
-0.0,2.7802320000000003,-0.7101999999999999,-0.586602,-0.0,1576658848512203931
0.005226000000000001,0.83616,-0.1809,-0.07241999999999998,-0.0034790000000000003,1576658848522217035
-0.005226000000000001,3.1565040000000004,-1.98655,0.554013,-0.0,1576658848532227039
0.005226000000000001,-0.7682220000000001,-0.27135000000000004,0.825588,-0.0,1576658848542232990
-0.0,0.073164,-0.07705000000000001,0.094146,-0.0,1576658848552212953
-0.005226000000000001,2.9213340000000008,-0.23785,-0.38382599999999995,-0.0034790000000000003,1576658848562227964
-0.0,-1.249014,-0.4288,-0.601086,-0.0034790000000000003,1576658848572216033
-0.010452000000000001,-0.5696340000000001,-0.70685,0.318648,-0.0,1576658848582218885
-0.0,-0.925002,-0.8844000000000001,0.7495469999999999,-0.0,1576658848592211008
-0.0,-0.454662,-0.55275,0.31140599999999996,-0.0,1576658848602210044
-0.0,-0.42330600000000007,-0.5494,-0.31502699999999995,-0.0,1576658848612183094
-0.0,-0.41808,-0.5025,-0.304164,-0.0034790000000000003,1576658848622203111
-0.0,-5.241678,0.201,0.420036,-0.0,1576658848632208108
-0.0,-0.16723200000000002,-0.55945,0.5648759999999999,-0.006958000000000001,1576658848642191886
-0.0,-4.661592000000001,0.8844000000000001,0.177429,-0.0034790000000000003,1576658848652209997
0.005226000000000001,1.8081960000000001,-0.29815,0.25709099999999996,-0.0,1576658848662209987
-0.0,-5.194644,1.0485499999999999,0.38020499999999996,-0.006958000000000001,1576658848672204017
-0.0,-4.489134,-0.46900000000000003,0.575739,-0.0,1576658848682204961
-0.0,-4.243512000000001,0.9045000000000001,0.836451,-0.0,1576658848692203998
-0.010452000000000001,-5.597046000000001,-0.21775000000000003,0.890766,0.0034790000000000003,1576658848702204942
-0.0,-3.0519840000000005,1.139,0.764031,-0.0,1576658848712205886
-0.0,-4.405518000000001,-0.37855,0.550392,-0.0034790000000000003,1576658848722210884
0.010452000000000001,-2.597322,-0.0134,0.38020499999999996,-0.0,1576658848732208967
-0.0,-1.499862,-0.1675,0.28605899999999995,0.0034790000000000003,1576658848742202997
0.005226000000000001,-5.205096,-0.335,0.38744699999999993,-0.0034790000000000003,1576658848752208948
-0.0,-3.328962,-0.82745,0.5793599999999999,-0.0,1576658848762206077
0.005226000000000001,-5.403684000000001,-1.5276,0.6517799999999999,-0.0,1576658848772207975
-0.005226000000000001,-4.677270000000001,-2.2244,0.5105609999999999,-0.006958000000000001,1576658848782202005
-0.005226000000000001,-2.957916,-1.8961,0.26071199999999994,-0.0,1576658848792212009
-0.010452000000000001,-1.9074900000000001,-1.1222500000000002,0.5214239999999999,-0.0,1576658848802215099
-0.0,-1.087008,-1.8893999999999997,0.47435099999999997,-0.0,1576658848812208890
0.005226000000000001,-5.414136,-1.7956000000000003,0.5141819999999999,0.0034790000000000003,1576658848822206020
0.005226000000000001,-2.4771240000000003,-1.85925,0.44900399999999996,-0.0,1576658848832209110
-0.0,-4.159896000000001,-1.7286000000000001,0.40555199999999997,0.0034790000000000003,1576658848842206001
-0.005226000000000001,-3.234894,-1.608,0.5395289999999999,-0.0,1576658848852205991
-0.0,-1.233336,-1.3801999999999999,0.30778500000000003,-0.0,1576658848862210988
-0.0,-3.5327760000000006,-1.2596,0.5793599999999999,0.0034790000000000003,1576658848872209072
-0.0,-3.7679460000000002,-2.00665,0.38382599999999995,-0.0034790000000000003,1576658848882193088
-0.0,-4.410744,-1.9162,0.231744,0.0034790000000000003,1576658848892206907
-0.005226000000000001,-4.217382000000001,-1.2663,0.6228119999999999,-0.0,1576658848902204036
-0.0,-1.353534,-1.70515,0.38020499999999996,-0.0,1576658848912211894
-0.0,-4.060602000000001,-1.9262499999999998,0.43451999999999996,-0.0,1576658848922208070
0.010452000000000001,-6.0099,-0.4824,0.5178029999999999,-0.006958000000000001,1576658848932210922
-0.0,-1.6827720000000004,-1.2830500000000002,0.34037399999999995,-0.0,1576658848942181110
0.010452000000000001,-3.2662500000000003,-2.61635,0.550392,-0.0,1576658848952205896
-0.0,-5.93151,-0.6365000000000001,0.557634,-0.0,1576658848962210893
0.005226000000000001,-2.8429440000000006,-0.1206,0.28243799999999997,0.010437,1576658848972187995
-0.005226000000000001,-4.630236000000001,-2.9547,0.47435099999999997,-0.0,1576658848982207059
0.005226000000000001,-4.191252,-1.01505,0.318648,-0.0,1576658848992177963
0.005226000000000001,-2.63913,-1.139,0.38744699999999993,-0.0,1576658849002204895
-0.005226000000000001,-5.659758,-2.02005,0.333132,-0.0034790000000000003,1576658849012175083
-0.0,-2.545062,-1.9061499999999998,0.42727799999999994,0.0034790000000000003,1576658849022203922
-0.0,-3.198312,-1.6415,0.45624599999999993,0.0034790000000000003,1576658849032211065
-0.0,-6.229392000000001,-1.8827000000000003,0.44900399999999996,-0.0,1576658849042205095
-0.0,-3.8829180000000005,-1.23615,0.365721,-0.0034790000000000003,1576658849052201986
-0.0,-3.2244420000000003,-1.3668,0.37296299999999993,-0.0,1576658849062207937
-0.0,-3.3341880000000006,-1.6850500000000002,0.5105609999999999,-0.0,1576658849072205066
0.005226000000000001,-3.062436,-0.603,0.16294499999999998,-0.0,1576658849082204103
-0.0,-2.304666,-1.18255,0.662643,-0.0,1576658849092196941
0.015678,-1.1444940000000001,-1.55105,0.235365,0.0034790000000000003,1576658849102225065
-0.0,-3.7679460000000002,-1.18925,0.499698,0.0034790000000000003,1576658849112221002
-0.0,-2.7593280000000004,-2.0636,0.32226899999999997,-0.0,1576658849122214078
-0.0,-2.252406,-1.63815,0.37296299999999993,0.0034790000000000003,1576658849132183074
-0.0,-3.3394140000000005,-1.9463499999999998,0.26071199999999994,-0.006958000000000001,1576658849142216920
0.005226000000000001,-0.7629960000000001,-1.6683,0.304164,-0.0,1576658849152210950
-0.010452000000000001,-4.49436,-1.18255,0.31502699999999995,0.0034790000000000003,1576658849162209033
-0.0,-3.5066460000000004,-1.3266000000000002,0.354858,-0.0,1576658849172211885
-0.005226000000000001,-0.951132,-0.5829,0.44176199999999993,0.0034790000000000003,1576658849182199954
-0.0,-5.2678080000000005,-1.45055,0.31140599999999996,-0.0,1576658849192208051
-0.005226000000000001,-2.466672,-1.5744999999999998,0.557634,-0.0,1576658849202208042
-0.0,-2.69139,-1.21605,0.188292,0.0034790000000000003,1576658849212207078
-0.0,-1.4110200000000002,-1.7956000000000003,0.376584,-0.0,1576658849222209930
-0.0,-3.4857420000000006,-1.7185500000000002,0.45262499999999994,-0.0034790000000000003,1576658849232211112
-0.0,-5.074446000000001,-0.9815499999999999,0.152082,-0.0,1576658849242189884
-0.005226000000000001,-2.6704860000000004,-0.9179000000000002,0.43451999999999996,0.0034790000000000003,1576658849252212047
-0.0,-2.9004300000000005,-1.16245,0.177429,-0.0034790000000000003,1576658849262201070
-0.0,-5.241678,-1.2864,0.210018,-0.0034790000000000003,1576658849272212982
-0.0,-1.9336200000000001,-0.80735,0.5178029999999999,-0.0,1576658849282207965
-0.0,-3.6163920000000003,-0.9614499999999999,0.27157499999999996,-0.0,1576658849292206048
-0.005226000000000001,-2.9161080000000004,-0.70685,0.354858,-0.006958000000000001,1576658849302216053
-0.0,-3.24012,-1.3266000000000002,0.416415,-0.0,1576658849312211990
-0.0,-3.2453460000000005,-0.65995,0.34037399999999995,-0.0,1576658849322211027
-0.0,-3.130374,-1.30315,0.36210000000000003,-0.0,1576658849332207918
-0.0,-3.8620140000000003,-1.18255,0.42727799999999994,-0.0034790000000000003,1576658849342216968
-0.005226000000000001,-1.181076,-0.19430000000000003,0.39830999999999994,-0.006958000000000001,1576658849352205991
-0.0,-3.020628,-0.9380000000000001,0.249849,-0.0034790000000000003,1576658849362200021
-0.0,-0.512148,-1.43045,0.275196,-0.0,1576658849372203111
-0.005226000000000001,-2.215824,-0.9313000000000001,0.5395289999999999,-0.010437,1576658849382213115
-0.0,-2.0172360000000005,-0.2948,0.445383,-0.0,1576658849392206907
0.010452000000000001,-0.30310800000000004,-1.37015,0.231744,-0.0,1576658849402208089
-0.005226000000000001,-0.590538,-1.9966000000000002,0.28243799999999997,0.0034790000000000003,1576658849412198066
-0.0,-1.2385620000000002,-0.5695,0.231744,-0.0,1576658849422208070
0.005226000000000001,-1.520766,-0.59965,0.25347000000000003,-0.0034790000000000003,1576658849432224035
-0.0,-0.047034000000000006,-1.00165,0.5250449999999999,-0.0,1576658849442208051
-0.0,-3.9560820000000003,-1.07535,0.18467099999999997,-0.0,1576658849452176094
-0.005226000000000001,0.17768400000000004,-2.28805,-0.0,-0.0,1576658849462210893
0.015678,-0.8675160000000002,-0.71355,-0.025346999999999998,-0.006958000000000001,1576658849472182989
0.005226000000000001,-1.181076,-0.5025,0.840072,-0.0,1576658849482209920
0.005226000000000001,-0.44421000000000005,-0.9413500000000001,1.1333729999999997,-0.0,1576658849492212057
-0.0,-0.54873,-0.8609500000000001,0.6409169999999998,-0.0,1576658849502209901
-0.010452000000000001,-0.611442,-0.34504999999999997,0.28243799999999997,0.0034790000000000003,1576658849512217044
-0.0,-0.773448,-1.1088500000000001,-0.293301,-0.0,1576658849522211074
-0.010452000000000001,-0.6741540000000001,-1.4807000000000001,-0.22088099999999997,-0.0,1576658849532207012
-0.005226000000000001,-0.7943520000000001,-0.5728500000000001,0.068799,0.0034790000000000003,1576658849542210102
-0.0,-0.6009900000000001,-0.11055000000000001,0.409173,-0.0,1576658849552207946
-0.0,-0.742092,-2.28805,0.5286659999999999,-0.0,1576658849562218904
-0.0,-0.29788200000000004,1.2127000000000001,-0.054314999999999995,-0.0,1576658849572180032
0.005226000000000001,-0.7264140000000001,0.067,-0.17018699999999998,-0.0,1576658849582180023
-0.0,-0.7159620000000001,-0.3015,0.115872,-0.0,1576658849592211961
-0.005226000000000001,-0.773448,-0.14404999999999998,0.6191909999999999,-0.0,1576658849602229118
-0.0,-0.527826,-0.19765,0.050693999999999996,0.0034790000000000003,1576658849612211942
-0.0,-0.5957640000000001,1.16245,-0.057936,0.0034790000000000003,1576658849622198104
0.005226000000000001,-0.825708,1.31655,-0.105009,-0.0,1576658849632210016
-0.005226000000000001,-0.91455,1.4740000000000002,0.26071199999999994,-0.0,1576658849642179965
-0.005226000000000001,-0.6062160000000001,1.1959499999999998,-0.061557,0.0034790000000000003,1576658849652204990
-0.0,-0.09929400000000001,1.6616000000000002,-0.503319,0.0034790000000000003,1576658849662204980
-0.0,-0.10452,1.4438499999999999,-0.358479,-0.0,1576658849672204017
-0.0,-0.6898320000000001,0.9581,-0.010863,-0.0034790000000000003,1576658849682173013
-0.0,-4.31145,1.20265,0.043452,-0.0,1576658849692207098
0.005226000000000001,0.146328,1.5175500000000002,-0.409173,-0.0,1576658849702209949
-0.0,-4.300998000000001,0.5159,-0.575739,-0.0,1576658849712176084
-0.005226000000000001,0.318786,1.4170500000000001,-0.31140599999999996,0.006958000000000001,1576658849722209930
-0.0,-4.274868000000001,1.72525,-0.094146,-0.010437,1576658849732208967
0.005226000000000001,-2.649582,1.8559000000000003,0.123114,0.0034790000000000003,1576658849742209911
-0.0,-3.5014200000000004,0.8308000000000001,0.18467099999999997,-0.0,1576658849752208948
-0.0,-2.4196380000000004,0.38860000000000006,0.050693999999999996,-0.0,1576658849762240886
-0.0,-2.6652600000000004,2.4321,-0.503319,-0.0,1576658849772208929
-0.005226000000000001,-4.123314000000001,1.7822,-0.238986,-0.0,1576658849782140970
-0.0,-4.201704,1.30985,0.19553399999999999,-0.0,1576658849792238950
0.005226000000000001,-2.5241580000000003,1.83915,0.354858,-0.010437,1576658849802206039
-0.0,-3.34464,1.6113499999999998,-0.14846099999999998,-0.0,1576658849812202930
-0.0,-3.6634260000000003,1.8090000000000002,-0.7024739999999999,-0.0,1576658849822208881
-0.0,-2.550288,1.7286000000000001,-0.477972,-0.0,1576658849832220077
-0.0,-3.7993020000000004,1.5544000000000002,-0.19915499999999997,-0.0034790000000000003,1576658849842206954
-0.010452000000000001,-4.107636,1.49075,0.03258899999999999,-0.0,1576658849852171897
-0.005226000000000001,-2.8429440000000006,1.3634499999999998,0.007242,-0.0,1576658849862207889
0.005226000000000001,-5.131932000000001,1.3132000000000001,0.210018,-0.0,1576658849872203111
-0.0,-4.269642,2.1473500000000003,0.115872,0.0034790000000000003,1576658849882216930
-0.005226000000000001,-3.2244420000000003,1.4673,-0.238986,-0.010437,1576658849892205953
-0.005226000000000001,-3.146052,1.1724999999999999,-0.44900399999999996,-0.0,1576658849902208089
-0.005226000000000001,-4.619784,1.0586,-0.22812299999999996,-0.0,1576658849912173032
-0.010452000000000001,-2.215824,1.5946000000000002,-0.003621,0.0034790000000000003,1576658849922209024
-0.0,-3.4021260000000004,1.9831999999999999,-0.094146,-0.006958000000000001,1576658849932207107
-0.0,-2.8272660000000003,1.4002999999999999,-0.28605899999999995,-0.0,1576658849942204952
0.005226000000000001,-4.3793880000000005,1.6281,-0.14846099999999998,-0.0,1576658849952207088
-0.005226000000000001,-2.8795260000000007,1.9966000000000002,-0.018104999999999996,-0.0,1576658849962204933
-0.0,-2.9892719999999997,1.31655,0.19553399999999999,-0.0,1576658849972206115
-0.0,-1.6043820000000002,1.5443500000000001,0.152082,-0.0,1576658849982204914
-0.0,-3.611166,1.4438499999999999,-0.018104999999999996,-0.0,1576658849992203950
-0.0,-1.7559360000000004,-0.7839,-0.420036,0.006958000000000001,1576658850002202033
-0.0,-2.8011360000000005,2.9848500000000002,-0.36934199999999995,-0.0,1576658850012202978
-0.0,-3.2767020000000007,1.1490500000000001,-0.115872,-0.0,1576658850022202968
0.005226000000000001,-4.588428,0.63315,0.14483999999999997,-0.0,1576658850032200098
-0.005226000000000001,-1.850004,1.34,-0.047073,-0.0,1576658850042206048
0.010452000000000001,-2.100852,1.6113499999999998,-0.7966199999999999,-0.0,1576658850052172899
-0.0,-3.700008,2.0301,-0.38020499999999996,-0.0,1576658850062206983
-0.0,-2.3882820000000002,0.8944500000000001,0.007242,-0.006958000000000001,1576658850072206974
-0.015678,-3.0258540000000003,-0.19765,0.318648,0.0034790000000000003,1576658850082206010
-0.0,-1.95975,2.0703,0.36210000000000003,-0.0,1576658850092205047
-0.0,-3.3237360000000002,1.08205,-0.0,-0.0,1576658850102207899
0.005226000000000001,-3.255798,1.8827000000000003,-0.31140599999999996,0.006958000000000001,1576658850112210988
-0.0,-3.4125780000000003,1.39025,-0.173808,-0.0,1576658850122215032
-0.005226000000000001,-2.0799480000000004,2.1038,0.15570299999999998,-0.0,1576658850132194042
-0.0,-1.67232,0.6733500000000001,-0.061557,0.0034790000000000003,1576658850142208099
-0.0,-1.552122,1.24285,-0.5902229999999999,-0.0,1576658850152205944
-0.0,-2.22105,1.8291000000000002,-0.430899,0.0034790000000000003,1576658850162204980
-0.010452000000000001,-1.850004,0.9882500000000001,-0.03620999999999999,0.0034790000000000003,1576658850172199010
-0.015678,-2.968368,0.3484,0.047073,-0.0,1576658850182205915
0.005226000000000001,-4.818372000000001,1.407,-0.21363899999999997,0.0034790000000000003,1576658850192209959
-0.005226000000000001,-0.37627200000000005,1.7554,-0.7748939999999999,0.010437,1576658850202188014
-0.0,-3.4648380000000003,0.01005,-0.38382599999999995,0.0034790000000000003,1576658850212208032
-0.005226000000000001,-3.9456300000000004,1.6884,0.18105000000000002,0.0034790000000000003,1576658850222209930
-0.005226000000000001,-3.24012,0.8877500000000002,0.7676519999999999,-0.006958000000000001,1576658850232217073
0.005226000000000001,-1.7507100000000002,1.21605,0.22450199999999998,-0.0034790000000000003,1576658850242202043
-0.005226000000000001,-3.679104,2.4455,-0.238986,-0.0,1576658850252202033
-0.0,-0.919776,0.4556000000000001,-0.28605899999999995,-0.0,1576658850262204885
0.005226000000000001,-3.6686520000000002,1.5812,0.278817,-0.0,1576658850272216081
-0.005226000000000001,-3.5641320000000007,1.58455,0.695232,-0.006958000000000001,1576658850282212972
-0.0,0.371046,1.22275,0.17018699999999998,-0.0,1576658850292207956
0.005226000000000001,-3.9874380000000005,2.06025,-0.206397,0.0034790000000000003,1576658850302200078
-0.005226000000000001,0.135876,0.7571,-0.18105000000000002,-0.0,1576658850312201023
-0.005226000000000001,-1.9754280000000002,0.27135000000000004,0.293301,-0.0,1576658850322207927
-0.005226000000000001,-0.459888,0.19765,0.420036,-0.0034790000000000003,1576658850332205057
0.005226000000000001,-0.5800860000000001,0.5561,-0.11225099999999999,-0.0,1576658850342211008
-0.005226000000000001,-0.459888,0.41204999999999997,-0.36934199999999995,-0.0,1576658850352206945
-0.0,-0.553956,0.5761999999999999,-0.03258899999999999,-0.0034790000000000003,1576658850362210035
0.005226000000000001,-0.6584760000000001,0.5561,0.22450199999999998,-0.0034790000000000003,1576658850372210979
-0.0,-0.47034,0.5092,0.007242,-0.006958000000000001,1576658850382214069
-0.005226000000000001,0.23517,-0.6130500000000001,-0.21363899999999997,-0.006958000000000001,1576658850392218112
-0.0,0.8413860000000002,0.32830000000000004,-0.293301,-0.006958000000000001,1576658850402204990
-0.005226000000000001,1.7454840000000003,-1.3601,0.07241999999999998,-0.0,1576658850412208080
-0.0,0.292656,-0.09045,0.014484,0.006958000000000001,1576658850422177076
-0.005226000000000001,0.6480240000000002,-1.57115,-0.32226899999999997,-0.010437,1576658850432207107
-0.010452000000000001,1.1915280000000001,-0.04355,-0.4598669999999999,0.0034790000000000003,1576658850442207098
-0.005226000000000001,2.957916,-1.50415,-0.22450199999999998,-0.006958000000000001,1576658850452178001
-0.0,0.4964700000000001,-1.03515,0.11225099999999999,-0.0034790000000000003,1576658850462204933
-0.0,2.8115880000000004,-1.15575,-0.0,0.0034790000000000003,1576658850472202062
-0.0,-0.17245800000000003,-1.3333000000000002,-0.26795399999999997,-0.0,1576658850482209920
-0.0,3.3550920000000004,-0.3953,-0.35123699999999997,0.006958000000000001,1576658850492219924
0.005226000000000001,0.10452,-0.61975,-0.0,0.0034790000000000003,1576658850502207994
-0.0,3.093792,-1.17585,-0.014484,-0.0,1576658850512202024
-0.0,0.6741540000000001,-1.1088500000000001,-0.333132,-0.0,1576658850522206068
0.005226000000000001,2.001558,-0.9446999999999999,-0.445383,-0.0,1576658850532202959
-0.005226000000000001,0.951132,-0.6532500000000001,-0.0,-0.0,1576658850542210102
-0.005226000000000001,-0.412854,0.17754999999999999,-0.014484,-0.0,1576658850552181005
-0.0,-0.266526,-1.27635,-0.36934199999999995,-0.0,1576658850562203884
0.010452000000000001,-0.4964700000000001,-0.08375,-0.34037399999999995,-0.0,1576658850572208881
-0.0,-0.40762800000000005,-1.4740000000000002,0.010863,-0.0,1576658850582207918
-0.0,0.057486,-0.03685,-0.010863,-0.010437,1576658850592215061
0.005226000000000001,-0.19858800000000001,-1.3801999999999999,-0.057936,-0.0,1576658850602209091
0.010452000000000001,-0.062712,0.1474,-0.028968,-0.0,1576658850612185955
-0.005226000000000001,0.07839,-0.36515000000000003,-0.018104999999999996,0.0034790000000000003,1576658850622210025
-0.0,-0.799578,-0.16415000000000002,-0.025346999999999998,-0.0,1576658850632211923
-0.0,-4.25919,1.27635,-0.010863,-0.0034790000000000003,1576658850642209053
-0.0,0.09929400000000001,0.94805,0.09776699999999999,0.0034790000000000003,1576658850652200937
-0.0,-4.541394,1.9698,-0.054314999999999995,-0.0034790000000000003,1576658850662204980
-0.005226000000000001,0.564408,0.268,-0.047073,-0.006958000000000001,1576658850672204971
-0.020904000000000002,-3.9508560000000004,1.3936,0.086904,-0.0,1576658850682244062
-0.0,-2.6757120000000003,1.7487000000000001,0.050693999999999996,-0.0,1576658850692213058
-0.0,-5.811312000000001,0.6130500000000001,-0.079662,-0.0,1576658850702207088
-0.0,-1.938846,1.6281,0.123114,0.0034790000000000003,1576658850712192058
-0.0,-4.186026000000001,1.81905,0.21363899999999997,0.0034790000000000003,1576658850722206115
-0.0,-3.146052,2.1875500000000003,0.057936,-0.0,1576658850732202053
-0.0,-2.294214,0.16415000000000002,0.11225099999999999,0.0034790000000000003,1576658850742208957
-0.005226000000000001,-3.7679460000000002,1.3601,0.304164,0.0034790000000000003,1576658850752204895
-0.010452000000000001,-3.03108,0.9815499999999999,0.043452,0.010437,1576658850762209892
-0.0,-3.193086,1.83915,0.057936,-0.0034790000000000003,1576658850772212028
-0.0,-3.3655440000000008,2.43545,0.278817,-0.0,1576658850782212018
-0.0,-4.745208000000001,1.73195,0.445383,-0.0034790000000000003,1576658850792196989
0.005226000000000001,-2.7541020000000005,1.5678,0.32588999999999996,-0.0,1576658850802207946
-0.0,-2.210598,1.3601,0.010863,0.0034790000000000003,1576658850812206029
-0.0,-1.850004,1.1959499999999998,-0.057936,-0.0,1576658850822206974
-0.0,-4.457778,1.9028,0.38382599999999995,-0.0,1576658850832209110
0.005226000000000001,-1.4266980000000002,2.2378,0.7386839999999999,0.0034790000000000003,1576658850842214107
-0.0,-1.9754280000000002,1.5276,0.358479,-0.0,1576658850852215051
-0.0,-4.677270000000001,1.34,0.249849,0.0034790000000000003,1576658850862205028
-0.0,-2.29944,1.8693000000000002,0.238986,-0.0034790000000000003,1576658850872178077
-0.0,-1.4946359999999999,1.27635,0.908871,0.0034790000000000003,1576658850882193088
-0.0,-4.708626000000001,1.5376500000000002,0.7857569999999999,-0.0,1576658850892203092
-0.0,-3.7993020000000004,1.42375,0.44900399999999996,-0.0034790000000000003,1576658850902203083
0.005226000000000001,-2.8011360000000005,1.89945,0.20277599999999998,-0.0,1576658850912201881
0.010452000000000001,-3.76272,1.8425000000000002,0.10138799999999999,-0.0,1576658850922199964
-0.0,-2.9892719999999997,1.41035,0.6155700000000001,0.006958000000000001,1576658850932209968
-0.0,-2.2889880000000002,1.5879,0.44900399999999996,0.0034790000000000003,1576658850942198991
0.005226000000000001,-2.3673780000000004,1.47065,-0.105009,0.0034790000000000003,1576658850952203989
-0.005226000000000001,-3.3707700000000003,1.91955,-0.159324,-0.0034790000000000003,1576658850962203025
-0.005226000000000001,-1.3117260000000002,1.67835,0.043452,-0.0,1576658850972201108
-0.0,-1.2437880000000001,0.7571,0.354858,-0.0034790000000000003,1576658850982208967
0.005226000000000001,-4.144218,2.02675,0.166566,-0.0,1576658850992233037
-0.0,-1.28037,1.96645,-0.10138799999999999,-0.0,1576658851002213001
0.005226000000000001,-3.543228000000001,0.8576,0.079662,-0.0,1576658851012207984
-0.0,-4.02402,1.7487000000000001,0.8943869999999999,-0.0,1576658851022203922
-0.0,-1.970202,1.5912499999999998,0.713337,-0.0,1576658851032208919
-0.0,-2.9265600000000003,1.3467000000000002,0.47435099999999997,-0.0,1576658851042207002
-0.0,-3.015402,1.69845,0.423657,-0.0,1576658851052206993
-0.005226000000000001,-3.940404,2.5259,0.242607,-0.0,1576658851062211990
-0.005226000000000001,-3.454386000000001,1.6046500000000001,0.720579,-0.0,1576658851072218894
-0.0,-4.081506000000001,1.22275,0.582981,-0.0,1576658851082205057
-0.0,-2.7122940000000004,1.5309500000000003,0.238986,-0.0,1576658851092215061
-0.0,-3.726138,1.7688000000000001,-0.19191299999999997,-0.0,1576658851102212905
-0.005226000000000001,-2.5920960000000006,0.9246000000000001,-0.18467099999999997,-0.0,1576658851112185955
0.005226000000000001,-3.2610240000000004,1.8827000000000003,0.235365,-0.0,1576658851122174978
-0.005226000000000001,-1.2176580000000001,1.25625,0.42727799999999994,0.0034790000000000003,1576658851132184028
-0.0,-3.877692,1.5644500000000001,-0.028968,-0.0034790000000000003,1576658851142211914
-0.0,-1.2960480000000003,1.59795,-0.12673500000000001,-0.0,1576658851152204990
-0.0,-2.257632,1.2897500000000002,0.09776699999999999,-0.0,1576658851162209987
-0.0,-4.7190780000000006,1.18255,0.347616,-0.0,1576658851172209024
-0.0,-1.369212,1.8291000000000002,0.684369,-0.0034790000000000003,1576658851182213068
-0.0,-4.31145,1.1055,0.4598669999999999,-0.0034790000000000003,1576658851192198038
-0.0,-3.6738779999999998,2.5259,0.19191299999999997,-0.0,1576658851202219963
-0.005226000000000001,-2.4039600000000005,1.4539000000000002,0.28243799999999997,0.0034790000000000003,1576658851212204933
-0.0,-2.602548,0.6063500000000001,0.955944,-0.0,1576658851222208023
0.005226000000000001,-0.7839,1.06865,0.7350629999999999,0.0034790000000000003,1576658851232209920
0.005226000000000001,-2.1060780000000006,0.9413500000000001,0.206397,-0.0,1576658851242213010
-0.0,-2.968368,2.06695,-0.007242,-0.0,1576658851252213001
-0.0,-4.635462,1.55105,0.246228,-0.0034790000000000003,1576658851262211084
-0.005226000000000001,-0.41808,-0.1072,0.6735059999999999,-0.0,1576658851272206068
-0.0,-3.281928,1.34335,0.25347000000000003,-0.0,1576658851282207965
-0.010452000000000001,-2.7331980000000002,0.3216,-0.0,-0.0,1576658851292205095
-0.0,-3.088566,1.2462,0.079662,-0.006958000000000001,1576658851302206039
0.010452000000000001,-1.499862,0.28475,0.39830999999999994,0.0034790000000000003,1576658851312218904
-0.0,-4.008342000000001,1.9564000000000001,0.36210000000000003,-0.0,1576658851322206020
-0.0,-1.8291,1.39025,-0.12673500000000001,-0.006958000000000001,1576658851332205057
-0.0,-1.9074900000000001,0.36850000000000005,-0.278817,0.0034790000000000003,1576658851342175960
-0.005226000000000001,-3.7574940000000003,2.22105,-0.235365,-0.0,1576658851352202892
-0.0,1.562574,0.59295,0.43814099999999995,-0.0034790000000000003,1576658851362193107
-0.0,-3.5014200000000004,0.31155,0.057936,-0.006958000000000001,1576658851372205972
0.005226000000000001,-4.248738,2.36175,-0.37296299999999993,-0.0034790000000000003,1576658851382216930
-0.0,-1.107912,1.47735,-0.39106799999999997,-0.0,1576658851392210960
-0.0,-3.3655440000000008,-0.25125,0.177429,-0.0,1576658851402209997
-0.005226000000000001,-2.50848,1.7587500000000003,0.33675299999999997,-0.006958000000000001,1576658851412209987
-0.0,-0.7002840000000001,1.4673,-0.10862999999999999,-0.0,1576658851422209978
-0.005226000000000001,0.067938,0.10385000000000001,-0.32588999999999996,-0.0,1576658851432234048
-0.0,-0.7943520000000001,1.5678,-0.188292,0.006958000000000001,1576658851442205905
-0.0,0.125424,0.22445000000000004,0.43451999999999996,-0.0034790000000000003,1576658851452208995
-0.0,-3.5745840000000006,1.69175,-0.028968,0.0034790000000000003,1576658851462203979
0.005226000000000001,0.501696,0.0804,-0.210018,-0.0,1576658851472206115
-0.010452000000000001,-2.048592,0.2948,-0.159324,-0.0,1576658851482206106
-0.005226000000000001,0.047034000000000006,0.0804,0.44900399999999996,-0.0034790000000000003,1576658851492211103
-0.0,-3.130374,0.19430000000000003,-0.007242,-0.0,1576658851502207040
-0.0,0.26130000000000003,0.134,-0.025346999999999998,-0.0034790000000000003,1576658851512213945
-0.0,-0.19858800000000001,0.201,-0.07241999999999998,-0.0,1576658851522217035
-0.0,-0.44421000000000005,0.26130000000000003,0.018104999999999996,0.0034790000000000003,1576658851532211065
-0.0,-0.5069220000000001,0.24455000000000002,0.09776699999999999,-0.0,1576658851542210102
-0.0,-0.54873,0.2747,-0.0,0.006958000000000001,1576658851552210092
0.015678,-0.360594,0.29145,0.010863,-0.0,1576658851562211990
-0.0,-0.412854,0.31155,0.028968,-0.0,1576658851572211027
0.005226000000000001,-0.459888,0.26465,0.047073,-0.0,1576658851582210063
0.005226000000000001,-0.38149800000000006,0.27805,0.014484,-0.006958000000000001,1576658851592242956
