arm_joint_1.pos,arm_joint_2.pos,arm_joint_3.pos,arm_joint_4.pos,arm_joint_5.pos,time_stamp
-0.0,1.1344673701987218,-2.5481772172532176,1.788960025083974,-0.0,1576658841601912975
-0.0,1.1344673701987218,-2.5481772172532176,1.788960025083974,-0.0,1576658841602152109
-0.0,1.1344673701987218,-2.5481772172532176,1.788960025083974,-0.0,1576658841612198114
-0.0,1.1344673701987218,-2.5481772172532176,1.788960025083974,-0.0,1576658841622220039
-0.0,1.1344673701987218,-2.5481772172532176,1.788960025083974,-0.0,1576658841632210969
-0.0,1.1344673701987218,-2.5481772172532176,1.788960025083974,-0.0,1576658841642210006
-0.0,1.134477439405945,-2.5481772172532176,1.788937901192047,-0.0,1576658841652205944
-0.0,1.1344875086131678,-2.5481772172532176,1.7889157773001203,-0.0,1576658841662214994
-0.0,1.134517716234837,-2.5481615092899492,1.788871529516267,-0.0,1576658841672220945
-0.0,1.1345479238565062,-2.5481615092899492,1.7888051578404869,-0.0,1576658841682208061
-0.0,1.1345982698926214,-2.5481458013266813,1.78871666227278,-0.0,1576658841692209005
-0.0,1.1346586851359597,-2.5481300933634135,1.7886060428131465,-0.0,1576658841702198982
-0.0,1.134749308000967,-2.5480986774368777,1.7884511755696597,-0.0,1576658841712207078
-0.0,1.1348600692804205,-2.5480672615103415,1.7882520605423196,-0.0,1576658841722204923
-0.0,1.13499096897432,-2.5480358455838057,1.788008697731126,-0.0,1576658841732206106
-0.0,1.135162145497112,-2.547988721694002,1.7876989632441525,-0.0,1576658841742209911
-0.0,1.1353635296415727,-2.5479258898409296,1.787322857081399,-0.0,1576658841752207994
-0.0,1.1356051906149258,-2.547863057987858,1.7869025031347918,-0.0,1576658841762212038
-0.0,1.1358871284171712,-2.5477845181715186,1.786393653620478,-0.0,1576658841772208929
-0.0,1.1362093430483087,-2.5476902703919104,1.7857963085384574,-0.0,1576658841782203912
-0.0,1.136591972922784,-2.547580314649035,1.7851104678887297,-0.0,1576658841792215108
-0.0,1.1370148796261519,-2.5474546509428913,1.7843361316712958,-0.0,1576658841802213907
-0.0,1.137498201572858,-2.54731327927348,1.7834732998861549,-0.0,1576658841812208890
-0.0,1.1380419387629026,-2.547171907604068,1.7824777247494539,-0.0,1576658841822206974
-0.0,1.138636021989062,-2.546999120008121,1.7813936540450463,-0.0,1576658841832209110
-0.0,1.139300589665783,-2.5468106244489053,1.780198963881005,-0.0,1576658841842219114
-0.0,1.1400255725858421,-2.5465907129631544,1.7788715303654037,-0.0,1576658841852205991
-0.0,1.1408311091636858,-2.546370801477403,1.777433477390169,-0.0,1576658841862175941
-0.0,1.1416970609848676,-2.546119474065116,1.7758405571714473,-0.0,1576658841872205018
-0.0,1.1426334972566106,-2.5458524386895607,1.7741370174930922,-0.0,1576658841882208108
-0.0,1.143650487186138,-2.545569695350738,1.7723007344631774,-0.0,1576658841892209053
-0.0,1.144737961566227,-2.545255536085379,1.770331708081702,-0.0,1576658841902205944
-0.0,1.145895920396877,-2.544909960893484,1.7682078144567397,-0.0,1576658841912205934
-0.0,1.1471344328853115,-2.5445643857015887,1.7659733013721441,-0.0,1576658841922174930
-0.0,1.1484534990315303,-2.544187394583158,1.763561797152135,-0.0,1576658841932205915
-0.0,1.1498531188355332,-2.5437789875381913,1.7610396734724927,-0.0,1576658841942209005
-0.0,1.1513232230900976,-2.5433548725299566,1.758362682549363,-0.0,1576658841952208042
-0.0,1.1528738810024468,-2.542915049558454,1.7555529482746737,-0.0,1576658841962208986
-0.0,1.1545050925725797,-2.5424438106604157,1.7525883467564976,-0.0,1576658841972208023
-0.0,1.156206788593274,-2.5419568637991095,1.7494910018867609,-0.0,1576658841982206106
-0.0,1.157989038271753,-2.541438501011267,1.7462609136654648,-0.0,1576658841992204904
-0.0,1.1598417724007932,-2.5409044302601567,1.7428759582006814,-0.0,1576658842002202987
-0.0,1.1617649909803947,-2.5403546515457784,1.7393803832762644,-0.0,1576658842012207031
-0.0,1.1637586940105573,-2.539773456904865,1.7357520650002876,-0.0,1576658842022206068
-0.0,1.1658228814912817,-2.539176554300682,1.7319910033727504,-0.0,1576658842032187938
-0.0,1.1679575534225668,-2.5385482357699645,1.72811932228558,-0.0,1576658842042210102
-0.0,1.1701526405971905,-2.5379199172392464,1.7241148978468495,-0.0,1576658842052206993
-0.0,1.1724081430151523,-2.5372601827819925,1.719999853948485,-0.0,1576658842062206029
-0.0,1.1747341298836755,-2.5365847403614707,1.7157963144824142,-0.0,1576658842072204113
-0.0,1.177100393581091,-2.535893589977681,1.7114600316647834,-0.0,1576658842082207918
-0.0,1.1795270725218445,-2.5351867316306236,1.7070573771713722,-0.0,1576658842092192888
-0.0,1.1819940282914905,-2.5344641653202973,1.7025441032183277,-0.0,1576658842102205038
-0.0,1.1845113300972516,-2.533741599009972,1.6979644575895032,-0.0,1576658842112205028
-0.0,1.1870789779391278,-2.5329876167731102,1.693296316392972,-0.0,1576658842122205018
-0.0,1.1896667641954501,-2.5322179265729807,1.6885618035206604,-0.0,1576658842132208108
-0.0,1.1923048964878877,-2.5314482363728517,1.6837830428644958,-0.0,1576658842142204999
-0.0,1.1949631671947714,-2.530678546172722,1.6789157866406241,-0.0,1576658842152204990
-0.0,1.1976415763161012,-2.5298931480093243,1.674026406524826,-0.0,1576658842162197113
-0.0,1.2003501930590998,-2.5290920418826595,1.6690927786251746,-0.0,1576658842172218084
-0.0,1.203068879009322,-2.5282909357559937,1.6641370268335962,-0.0,1576658842182214021
-0.0,1.205797634166767,-2.5274898296293284,1.6591370272581645,-0.0,1576658842192209005
-0.0,1.208536458531435,-2.526673015539395,1.6541370276827327,-0.0,1576658842202209949
-0.0,1.211275282896103,-2.5258562014494617,1.6491370281073012,-0.0,1576658842212213039
-0.0,1.214004038053548,-2.525055095322796,1.6441370285318695,-0.0,1576658842222210884
-0.0,1.216732793210993,-2.524238281232863,1.6391591528483649,-0.0,1576658842232215881
-0.0,1.219451479161215,-2.523437175106197,1.6342034010567863,-0.0,1576658842242208957
-0.0,1.222150026696991,-2.522636068979532,1.629247649265208,-0.0,1576658842252203941
-0.0,1.2248284358183206,-2.5218349628528665,1.62435826914941,-0.0,1576658842262212038
-0.0,1.227476637317981,-2.521033856726201,1.6195131368174651,-0.0,1576658842272218942
-0.0,1.2300946311959726,-2.5202484585628038,1.6147122522693735,-0.0,1576658842282213926
-0.0,1.2326723482450719,-2.5194787683626747,1.6099777393970622,-0.0,1576658842292207002
-0.0,1.235209788465279,-2.518709078162545,1.6053317220924577,-0.0,1576658842302212953
-0.0,1.2377170210638173,-2.5179550959256836,1.600752076463633,-0.0,1576658842312213897
-0.0,1.2401638384190168,-2.51721682165209,1.5962609264025154,-0.0,1576658842322210073
-0.0,1.2425603097381013,-2.5164942553417644,1.5918582719091041,-0.0,1576658842332228899
-0.0,1.2448963658138477,-2.515787396994706,1.5875662368753265,-0.0,1576658842342211008
-0.0,1.2471720066462557,-2.515096246610917,1.5833626974092558,-0.0,1576658842352200984
-0.0,1.2493872322353254,-2.514420804190395,1.579314025186672,-0.0,1576658842362210988
-0.0,1.2515319733738337,-2.513761069733141,1.575375972423721,-0.0,1576658842372215986
-0.0,1.253606230061781,-2.513132751202423,1.5715706630123307,-0.0,1576658842382213115
-0.0,1.2555999330919436,-2.512520140634973,1.5678759730605736,-0.0,1576658842392213106
-0.0,1.2575231516715453,-2.511923238030791,1.5643582742442304,-0.0,1576658842402214050
-0.0,1.259355747386139,-2.5113577513531444,1.5609733187794468,-0.0,1576658842412209987
-0.0,1.261117858650172,-2.5108079726387666,1.55774323055815,-0.0,1576658842422173976
-0.0,1.262769208634751,-2.510289609850924,1.5546680095803405,-0.0,1576658842432208061
-0.0,1.264350074168769,-2.509802662989618,1.5517476558460175,-0.0,1576658842442213058
-0.0,1.2658403168377796,-2.5093314240915796,1.5489821693551815,-0.0,1576658842452203989
-0.0,1.2672399366417828,-2.5088916011200766,1.5464157978916857,-0.0,1576658842462219953
-0.0,1.2685489335807785,-2.50848319407511,1.5440042936716767,-0.0,1576658842472219944
-0.0,1.2697572384475437,-2.508106202956679,1.5417697805870811,-0.0,1576658842482203960
-0.0,1.2708648512420786,-2.5077606277647844,1.539712258637899,-0.0,1576658842492204904
-0.0,1.271871771964383,-2.5074307605361574,1.5378317278241305,-0.0,1576658842502207994
-0.0,1.2727981390289032,-2.5071323092340667,1.5361281881457756,-0.0,1576658842512204885
-0.0,1.2736036756067466,-2.506880981821779,1.5346237634947606,-0.0,1576658842522173881
-0.0,1.2743286585268059,-2.50664536237276,1.5332742060872326,-0.0,1576658842532205104
-0.0,1.2749428801674114,-2.5064411588502766,1.5321237637070446,-0.0,1576658842542210102
-0.0,1.2754765481502328,-2.506268371254329,1.5311503124622705,-0.0,1576658842552203893
-0.0,1.2758893856463778,-2.5061269995849176,1.5303538523529097,-0.0,1576658842562203884
-0.0,1.2762216694847381,-2.50603275180531,1.5297343833789625,-0.0,1576658842572204113
-0.0,1.2764633304580912,-2.5059542119889704,1.5292919055404284,-0.0,1576658842582202911
-0.0,1.276604299359214,-2.5059070880991663,1.529048542729235,-0.0,1576658842592204093
-0.0,1.276644576188106,-2.5058913801358984,1.5289600471615283,-0.0,1576658842602174997
-0.0,1.276604299359214,-2.5059070880991663,1.529048542729235,-0.0,1576658842612204074
-0.0,1.2764633304580912,-2.5059542119889704,1.5292919055404284,-0.0,1576658842622203111
-0.0,1.2762418078991842,-2.5060170438420424,1.5297122594870356,-0.0,1576658842632200956
-0.0,1.2759296624752698,-2.5061269995849176,1.5303096045690563,-0.0,1576658842642200946
-0.0,1.2755369633935711,-2.506268371254329,1.531039693002637,-0.0,1576658842652204036
-0.0,1.275063710654088,-2.5064254508870087,1.5319467725716314,-0.0,1576658842662204027
-0.0,1.2744998350495975,-2.506629654409492,1.5329865954921855,-0.0,1576658842672194957
-0.0,1.2738755442017689,-2.5068495658952434,1.5342034095481536,-0.0,1576658842682173013
-0.0,1.2731606304889327,-2.5071008933075305,1.5355308430637549,-0.0,1576658842692203998
-0.0,1.2723853015327584,-2.5073679286830854,1.537013143822843,-0.0,1576658842702203989
-0.0,1.2715294189187996,-2.507682087948445,1.5386281879334913,-0.0,1576658842712203025
-0.0,1.2706131210615026,-2.5080119551770714,1.5403759753956996,-0.0,1576658842722204923
-0.0,1.2696364079608673,-2.508373238332234,1.542256506209468,-0.0,1576658842732203960
-0.0,1.2685892104096705,-2.508750229450665,1.544269780374797,-0.0,1576658842742208957
-0.0,1.2674916668223588,-2.509158636495632,1.5463715501078323,-0.0,1576658842752181053
-0.0,1.2663337079917087,-2.5095827515038662,1.5486060631924279,-0.0,1576658842762141942
-0.0,1.2651153339177204,-2.510038282438637,1.5509511957366566,-0.0,1576658842772171020
-0.0,1.2638566830148399,-2.5105252292999434,1.5533848238485923,-0.0,1576658842782170057
-0.0,1.262547686075844,-2.511027884124518,1.555929071420162,-0.0,1576658842792201995
-0.0,1.2611883431007331,-2.51154624691236,1.5585618145594378,-0.0,1576658842802211046
-0.0,1.25978872329673,-2.5120960256267386,1.5612830532664204,-0.0,1576658842812200069
-0.0,1.2583387574566116,-2.5126615123043847,1.56409278754111,-0.0,1576658842822200059
-0.0,1.2568585839948243,-2.5132584149085666,1.5669910173835062,-0.0,1576658842832191944
-0.0,1.2553482029113676,-2.513871025476017,1.5699556189016826,-0.0,1576658842842206001
-0.0,1.2537975449990186,-2.5144993440067345,1.5729865920956387,-0.0,1576658842852200031
-0.0,1.2522166794650007,-2.5151433705007205,1.5761060608573016,-0.0,1576658842862201929
-0.0,1.2506156755165367,-2.5158031049579743,1.5792697774028184,-0.0,1576658842872200012
-0.0,1.2489844639464036,-2.5164942553417644,1.5824998656241147,-0.0,1576658842882183074
-0.0,1.2473230447546013,-2.5171854057255536,1.5857963255211915,-0.0,1576658842892215967
-0.0,1.2456515563555761,-2.5179079720358795,1.589114909310195,-0.0,1576658842902183055
-0.0,1.2439498603348815,-2.518646246309473,1.5925219886669049,-0.0,1576658842912206888
-0.0,1.242248164314187,-2.5193845205830665,1.5959511919155416,-0.0,1576658842922211885
-0.0,1.2405263298790465,-2.520154210783196,1.5994025190561052,-0.0,1576658842932173013
-0.0,1.238794426236683,-2.5209239009833255,1.6029202178724484,-0.0,1576658842942203044
-0.0,1.2370423841798732,-2.5217250071099913,1.6064600405807186,-0.0,1576658842952200889
-0.0,1.2352903421230634,-2.5225261132366565,1.6100219871809156,-0.0,1576658842962201118
-0.0,1.2335282308590305,-2.5233429273265897,1.6136060576730393,-0.0,1576658842972210884
-0.0,1.231766119594998,-2.5241754493797908,1.6172122520570895,-0.0,1576658842982172966
-0.0,1.2300040083309653,-2.5250079714329927,1.6208626942249933,-0.0,1576658842992207050
-0.0,1.2282318278597095,-2.5258719094127295,1.6244910125009702,-0.0,1576658843002211093
-0.0,1.2264697165956766,-2.526720139429199,1.6281414546688737,-0.0,1576658843012209892
-0.0,1.2247076053316441,-2.527599785372204,1.631814020728704,-0.0,1576658843022219896
-0.0,1.2229454940676112,-2.5284794313152092,1.6354865867885344,-0.0,1576658843032213926
-0.0,1.2211934520108016,-2.5293747852214823,1.6391812767402911,-0.0,1576658843042221069
-0.0,1.219451479161215,-2.5302701391277553,1.642831718908195,-0.0,1576658843052211999
-0.0,1.2177095063116283,-2.5311654930340284,1.646526408859952,-0.0,1576658843062210083
-0.0,1.2159876718764877,-2.5320765549035698,1.650198974919782,-0.0,1576658843072210073
-0.0,1.214265837441347,-2.5330033247363786,1.653849417087686,-0.0,1576658843082210063
-0.0,1.2125641414206527,-2.5339143866059195,1.6574998592555896,-0.0,1576658843092200994
-0.0,1.2108725146071813,-2.5348411564387283,1.6611503014234934,-0.0,1576658843102188110
-0.0,1.209201026208156,-2.5357836342348055,1.6647564958075434,-0.0,1576658843112205982
-0.0,1.2075396070163538,-2.5367104040676143,1.6683626901915936,-0.0,1576658843122205018
-0.0,1.2058983262389975,-2.5376528818636914,1.6719467606837173,-0.0,1576658843132221937
-0.0,1.2042771838760873,-2.5385796516965002,1.6755087072839143,-0.0,1576658843142209053
-0.0,1.2026661107204002,-2.539522129492577,1.6790485299921842,-0.0,1576658843152178049
-0.0,1.2010751759791591,-2.540464607288654,1.6825662288085281,-0.0,1576658843162173032
-0.0,1.1995144488595872,-2.5414070850847312,1.6860396798410178,-0.0,1576658843172204971
-0.0,1.1979738601544616,-2.5423495628808084,1.6894910069815814,-0.0,1576658843182204961
-0.0,1.1964433406565589,-2.543276332713617,1.6928980863382916,-0.0,1576658843192209959
-0.0,1.1949430287803253,-2.544218810509694,1.6962830418030748,-0.0,1576658843202177047
-0.0,1.193472924525761,-2.545145580342503,1.6996237494840047,-0.0,1576658843212193965
-0.0,1.1920229586856426,-2.5460723501753115,1.7029202093810814,-0.0,1576658843222213029
-0.0,1.1905931312599702,-2.546999120008121,1.7061945453862315,-0.0,1576658843232208967
-0.0,1.1891935114559673,-2.547910181877662,1.7094025097156011,-0.0,1576658843242209911
-0.0,1.187824099273633,-2.548821243747203,1.7125662262611177,-0.0,1576658843252207040
-0.0,1.1864848947129683,-2.549732305616744,1.7156856950227808,-0.0,1576658843262208938
-0.0,1.1851658285667495,-2.550627659523017,1.7187609160005908,-0.0,1576658843272207975
-0.0,1.1838769700421998,-2.5515073054660227,1.72176976530262,-0.0,1576658843282179117
-0.0,1.1826183191393194,-2.552386951409028,1.7247343668207966,-0.0,1576658843292212963
-0.0,1.1813898758581078,-2.553250889388764,1.7276547205551194,-0.0,1576658843302203893
-0.0,1.1801916401985655,-2.5540991194052336,1.7304865787217354,-0.0,1576658843312210083
-0.0,1.1790236121606923,-2.554931641458435,1.7332741891044983,-0.0,1576658843322196960
-0.0,1.1778857917444885,-2.5557641635116366,1.7359954278114809,-0.0,1576658843332206010
-0.0,1.1767882481571765,-2.556565269638302,1.7386502948426836,-0.0,1576658843342209100
-0.0,1.175720912191534,-2.557366375764967,1.7412387901981061,-0.0,1576658843352176904
-0.0,1.1746837838475606,-2.5581360659650967,1.743738789985822,-0.0,1576658843362221956
-0.0,1.173676863125256,-2.5588900482019583,1.7461945419896845,-0.0,1576658843372210979
-0.0,1.1727202884390668,-2.559628322475552,1.7485396745339137,-0.0,1576658843382208108
-0.0,1.1717838521673238,-2.560350888785878,1.750840559294289,-0.0,1576658843392208099
-0.0,1.1708977619316958,-2.561042039169667,1.7530308245950312,-0.0,1576658843402204990
-0.0,1.1700418793177372,-2.5617174815901893,1.7551547182199934,-0.0,1576658843412203073
-0.0,1.1692162043254473,-2.5623615080841753,1.7572122401691754,-0.0,1576658843422205924
-0.0,1.168440875369273,-2.562989826614893,1.7591591426587239,-0.0,1576658843432204961
-0.0,1.1676957540347677,-2.5635867292190753,1.7610175495805658,-0.0,1576658843442207098
-0.0,1.1670009787363775,-2.5641522158967214,1.7627874609347007,-0.0,1576658843452203989
-0.0,1.1663364110596566,-2.5647019946110996,1.7644467528292027,-0.0,1576658843462203025
-0.0,1.165712120211828,-2.565204649435674,1.7660175491559973,-0.0,1576658843472203969
-0.0,1.1651381754001144,-2.56569159629698,1.7674998499150856,-0.0,1576658843482202053
-0.0,1.164604507417293,-2.566147127231751,1.7688715312145404,-0.0,1576658843492206096
-0.0,1.164111116263364,-2.5665555342767172,1.7701325930543617,-0.0,1576658843502202987
-0.0,1.163658001938327,-2.5669325253951483,1.7712830354345497,-0.0,1576658843512207984
-0.0,1.163255233649405,-2.567278100587043,1.7723228583551036,-0.0,1576658843522203922
-0.0,1.1629028113965987,-2.5675922598524017,1.7732520618160246,-0.0,1576658843532202005
-0.0,1.1625906659726843,-2.567859295227957,1.7740706458173123,-0.0,1576658843542207956
-0.0,1.162318797377662,-2.5680949146769763,1.7747564864670393,-0.0,1576658843552206039
-0.0,1.162097274818755,-2.5682834102361918,1.7753317076571338,-0.0,1576658843562191963
-0.0,1.1619260982959634,-2.5684404898688715,1.7757741854956672,-0.0,1576658843572213888
-0.0,1.161805267809287,-2.568550445611747,1.7761060438745675,-0.0,1576658843582179069
-0.0,1.1617347833587255,-2.5686132774648187,1.7763051589019079,-0.0,1576658843592211008
-0.0,1.1617045757370563,-2.5686289854280866,1.7763715305776877,-0.0,1576658843602206945
-0.0,1.1617347833587255,-2.5686132774648187,1.7763051589019079,-0.0,1576658843612205028
-0.0,1.161805267809287,-2.568550445611747,1.7761060438745675,-0.0,1576658843622210979
-0.0,1.1619361675031863,-2.568424781905603,1.7757520616037406,-0.0,1576658843632174968
-0.0,1.1621073440259784,-2.568267702272924,1.7752874598732802,-0.0,1576658843642205953
-0.0,1.1623389357921081,-2.5680634987504405,1.7746679908993328,-0.0,1576658843652209997
-0.0,1.1626208735943533,-2.5677964633748855,1.7739157785738253,-0.0,1576658843662209987
-0.0,1.162943088225491,-2.567482304109526,1.773030822896758,-0.0,1576658843672204017
-0.0,1.1633257180999665,-2.5671367289176317,1.7719909999762031,-0.0,1576658843682204008
-0.0,1.1637586940105573,-2.5667126139093965,1.7708184337040886,-0.0,1576658843692199945
-0.0,1.1642420159572635,-2.566257082974626,1.7695131240804143,-0.0,1576658843702207088
-0.0,1.164785753147308,-2.565754428150052,1.7680308233213262,-0.0,1576658843712210893
-0.0,1.1653697671662446,-2.565188941472406,1.7664379031026045,-0.0,1576658843722210884
-0.0,1.1660041272212964,-2.5645763309049556,1.7646901156403962,-0.0,1576658843732189893
-0.0,1.1666888333124634,-2.5639008884844343,1.7627874609347007,-0.0,1576658843742180109
-0.0,1.1674238854397456,-2.5631783221741085,1.7607741867693725,-0.0,1576658843752213001
-0.0,1.1682092836031428,-2.5624086319739785,1.7585839214686303,-0.0,1576658843762237071
-0.0,1.1690349585954325,-2.5615918178840453,1.7562830367082547,-0.0,1576658843772212028
-0.0,1.1699109796238374,-2.5607121719410406,1.7538272847043919,-0.0,1576658843782212972
-0.0,1.1708373466883575,-2.559785402108232,1.7512387893489696,-0.0,1576658843792213916
-0.0,1.1718039905817699,-2.5588115083856184,1.7485175506419868,-0.0,1576658843802170038
-0.0,1.1728209805112972,-2.557790490773202,1.7456635685834438,-0.0,1576658843812182903
-0.0,1.1738681780624938,-2.5567066413077133,1.742676843173341,-0.0,1576658843822212934
-0.0,1.1749657216498057,-2.5555913759156885,1.739557374411678,-0.0,1576658843832211971
-0.0,1.1761035420660095,-2.554413278670593,1.7363272861903811,-0.0,1576658843842207908
-0.0,1.1772816393111059,-2.5531880575356927,1.7329644546175245,-0.0,1576658843852205038
-0.0,1.1784899441778711,-2.551915712510989,1.7294910035850346,-0.0,1576658843862210035
-0.0,1.1797385258735287,-2.5505962435964813,1.725906933092911,-0.0,1576658843872210979
-0.0,1.1810173151908554,-2.549245358755438,1.7221901192492273,-0.0,1576658843882205963
-0.0,1.1823263121298508,-2.547831642061322,1.7183848098378371,-0.0,1576658843892204999
-0.0,1.183675585897739,-2.546386509440671,1.7144688809668132,-0.0,1576658843902209997
-0.0,1.1850449980800728,-2.5448942529302157,1.7104644565280822,-0.0,1576658843912230968
-0.0,1.186444617884076,-2.5433705804932245,1.7063494126297178,-0.0,1576658843922211885
-0.0,1.1878643761025252,-2.5417997841664297,1.7021458731636472,-0.0,1576658843932202100
-0.0,1.1893042727354206,-2.540197571913099,1.6978538381298693,-0.0,1576658843942203044
-0.0,1.190774376989985,-2.5385482357699645,1.6934954314203123,-0.0,1576658843952202081
-0.0,1.1922545504517725,-2.536883191663562,1.6890485291430475,-0.0,1576658843962173938
-0.0,1.193754862328006,-2.5351710236673557,1.6845352551900032,-0.0,1576658843972218990
-0.0,1.1952652434114628,-2.533427439744613,1.6799556095611785,-0.0,1576658843982204914
-0.0,1.1967957629093655,-2.5316524398953346,1.6753317161485006,-0.0,1576658843992204904
-0.0,1.1983262824072682,-2.529861732082789,1.6706414510600427,-0.0,1576658844002201080
-0.0,1.1998668711123939,-2.5280396083437062,1.6658848142958045,-0.0,1576658844012208938
-0.0,1.2014175290247429,-2.5261860686780886,1.6611060536396398,-0.0,1576658844022203922
-0.0,1.2029681869370914,-2.5243168210492026,1.6562830451996218,-0.0,1576658844032207965
-0.0,1.2045188448494404,-2.522416157493781,1.6514379128676768,-0.0,1576658844042208909
-0.0,1.2060695027617891,-2.520515493938359,1.6465706566438052,-0.0,1576658844052207946
-0.0,1.2076201606741381,-2.518583414456401,1.641681276528007,-0.0,1576658844062206983
-0.0,1.2091607493792638,-2.5166513349744433,1.6367697725202823,-0.0,1576658844072213888
-0.0,1.2106912688771665,-2.514703547529218,1.6318582685125576,-0.0,1576658844082206010
-0.0,1.2122117191678463,-2.512740052120724,1.626924640612906,-0.0,1576658844092211008
-0.0,1.2137221002513028,-2.5107608487489625,1.6220131366051809,-0.0,1576658844102209091
-0.0,1.2152224121275363,-2.508781645377201,1.6171237564893826,-0.0,1576658844112206935
-0.0,1.2167025855893239,-2.5068024420054393,1.6122343763735845,-0.0,1576658844122210979
-0.0,1.2181626206366651,-2.5048232386336777,1.6073892440416395,-0.0,1576658844132184982
-0.0,1.2196025172695606,-2.5028440352619166,1.6025441117096948,-0.0,1576658844142204046
-0.0,1.2210222754880098,-2.500880539853423,1.5977432271616034,-0.0,1576658844152203083
-0.0,1.222421895292013,-2.4989013364816612,1.5929865903973655,-0.0,1576658844162205934
-0.0,1.223781238267124,-2.496937841073168,1.5882742014169808,-0.0,1576658844172209024
-0.0,1.2251305120350118,-2.494990053627942,1.5836281841123758,-0.0,1576658844182204008
-0.0,1.2264395089740077,-2.493042266182716,1.579004290699698,-0.0,1576658844192208051
-0.0,1.2277283674985573,-2.4911101867007583,1.5744688928547266,-0.0,1576658844202213048
-0.0,1.2289769491942146,-2.4892095231453366,1.5699998666855357,-0.0,1576658844212208032
-0.0,1.2301953232682032,-2.487308859589915,1.5655972121921249,-0.0,1576658844222208976
-0.0,1.2313734205132991,-2.485439611961029,1.5612830532664204,-0.0,1576658844232208013
-0.0,1.2325213101367263,-2.4835860722954113,1.5570352660164963,-0.0,1576658844242177963
-0.0,1.2336289229312611,-2.481763948556329,1.5528759743342788,-0.0,1576658844252207994
-0.0,1.2347063281041268,-2.4799575327805146,1.548805178219768,-0.0,1576658844262212991
-0.0,1.2357333872408776,-2.4781825329312364,1.5448450015648907,-0.0,1576658844272209882
-0.0,1.2367201695487358,-2.4764546569717623,1.5409733204777203,-0.0,1576658844282217025
-0.0,1.237686813442148,-2.4747424889755556,1.537212258850183,-0.0,1576658844292176008
-0.0,1.238593042092222,-2.473077444869153,1.5335396927903528,-0.0,1576658844302206993
-0.0,1.2394589939134038,-2.471428108726019,1.529977746190156,-0.0,1576658844312206983
-0.0,1.2402947381129166,-2.4698416044359557,1.5265485429415193,-0.0,1576658844322206974
-0.0,1.241080136276314,-2.4682865160724288,1.5232299591525158,-0.0,1576658844332205057
-0.0,1.241825257610819,-2.4667628436354376,1.520021994823146,-0.0,1576658844342200994
-0.0,1.2425301021164323,-2.4652862950882506,1.5169246499534095,-0.0,1576658844352204084
-0.0,1.2431946697931533,-2.4638725783941346,1.51398217232716,-0.0,1576658844362205982
-0.0,1.243818960640982,-2.4624902776265554,1.5111281902686173,-0.0,1576658844372201919
-0.0,1.2444029746599183,-2.4611551007487797,1.5084290754535612,-0.0,1576658844382204055
-0.0,1.2449467118499629,-2.4598670477608082,1.5058405800981385,-0.0,1576658844392206907
-0.0,1.245440103003892,-2.4586418266259082,1.503384828094276,-0.0,1576658844402204036
-0.0,1.245903286536152,-2.457463729380812,1.5010618194419738,-0.0,1576658844412177085
-0.0,1.24632619323952,-2.4563327560255193,1.4988715541412316,-0.0,1576658844422156095
-0.0,1.2467188923212185,-2.455264614523299,1.4968140321920498,-0.0,1576658844432202100
-0.0,1.2470612453668022,-2.454243596910882,1.494867129702501,-0.0,1576658844442202091
-0.0,1.2473834599979396,-2.4532854111515374,1.493075094456439,-0.0,1576658844452200889
-0.0,1.2476653978001848,-2.4523900572452644,1.491393678670011,-0.0,1576658844462202072
-0.0,1.2479171279807608,-2.451541827228795,1.4898671301270694,-0.0,1576658844472202062
-0.0,1.2481386505396679,-2.4507721370286655,1.4884512010437614,-0.0,1576658844482206106
-0.0,1.2483198962696826,-2.45004957071834,1.4871680153120133,-0.0,1576658844492218971
-0.0,1.2484910727924745,-2.449374128297818,1.4859954490398988,-0.0,1576658844502207040
-0.0,1.248632041693597,-2.448777225693636,1.4849556261193446,-0.0,1576658844512203931
-0.0,1.2487428029730505,-2.448243154942526,1.4840485465503501,-0.0,1576658844522203922
-0.0,1.248843495045281,-2.4477719160444877,1.4832520864409897,-0.0,1576658844532207965
-0.0,1.2489139794958424,-2.447363508999521,1.482566245791262,-0.0,1576658844542210102
-0.0,1.2489743947391807,-2.447017933807626,1.4819910246011683,-0.0,1576658844552206993
-0.0,1.2490146715680728,-2.446719482505535,1.481526422870708,-0.0,1576658844562208890
-0.0,1.249044879189742,-2.4464995710197837,1.4811724405998807,-0.0,1576658844572206974
-0.0,1.249065017604188,-2.446342491387104,1.4809290777886872,-0.0,1576658844582206964
-0.0,1.249065017604188,-2.4462482436074966,1.480796334437127,-0.0,1576658844592211008
-0.0,1.249075086811411,-2.4462168276809604,1.4807520866532737,-0.0,1576658844602164983
-0.0,1.249075086811411,-2.4462482436074966,1.480796334437127,-0.0,1576658844612215042
-0.0,1.249065017604188,-2.446342491387104,1.4809290777886872,-0.0,1576658844622179031
-0.0,1.249065017604188,-2.4464995710197837,1.4811503167079538,-0.0,1576658844632209062
-0.0,1.249065017604188,-2.446719482505535,1.4814600511949276,-0.0,1576658844642216920
-0.0,1.249065017604188,-2.4470022258443582,1.4818361573576813,-0.0,1576658844652205944
-0.0,1.249075086811411,-2.4473478010362526,1.4822786351962152,-0.0,1576658844662204980
-0.0,1.249095225225857,-2.44775620808122,1.4828096086024556,-0.0,1576658844672215938
-0.0,1.2491254328475263,-2.448227446979258,1.4833848297925498,-0.0,1576658844682202100
-0.0,1.2491657096764186,-2.4487458097671,1.4840264226584237,-0.0,1576658844692245960
-0.0,1.2492160557125336,-2.4493427123712825,1.4847343872000776,-0.0,1576658844702171087
-0.0,1.249296609370318,-2.4499867388652685,1.4854865995255853,-0.0,1576658844712199926
-0.0,1.2493872322353254,-2.4506935972123256,1.4862830596349461,-0.0,1576658844722203969
-0.0,1.2494879243075558,-2.4514475794491872,1.4871237675281601,-0.0,1576658844732203960
-0.0,1.2496188240014552,-2.4522801015023887,1.4880087232052275,-0.0,1576658844742202997
-0.0,1.249759792902578,-2.453144039482126,1.4889379266661484,-0.0,1576658844752177000
-0.0,1.2499410386325929,-2.4540865172782027,1.4898671301270694,-0.0,1576658844762226104
-0.0,1.2501424227770537,-2.4550761189640835,1.4908627052637704,-0.0,1576658844772209882
-0.0,1.2503639453359607,-2.456112844539768,1.4918361565085445,-0.0,1576658844782205104
-0.0,1.2506156755165367,-2.4571966940052565,1.4928538555371724,-0.0,1576658844792210102
-0.0,1.250887544111559,-2.4583433753238166,1.4938715545658,-0.0,1576658844802226066
-0.0,1.2511896203282504,-2.4595371805321813,1.4949113774863543,-0.0,1576658844812216043
-0.0,1.2515219041666108,-2.4607781096303487,1.4959733242988353,-0.0,1576658844822227001
-0.0,1.2518843956266403,-2.462081870581589,1.49701314721939,-0.0,1576658844832216978
-0.0,1.252277094708339,-2.4634170474593646,1.4980529701399443,-0.0,1576658844842206954
-0.0,1.2526798629972609,-2.464799348226944,1.4990927930604985,-0.0,1576658844852205991
-0.0,1.2531329773222977,-2.4662287728843273,1.5001326159810529,-0.0,1576658844862207889
-0.0,1.253606230061781,-2.4677053214315143,1.5011503150096808,-0.0,1576658844872209072
-0.0,1.2541096904229332,-2.4692289938685055,1.5021680140383082,-0.0,1576658844882201910
-0.0,1.2546433584057546,-2.4707840822320324,1.5031635891750093,-0.0,1576658844892208099
-0.0,1.2551971648030218,-2.472370586522095,1.5041370404197834,-0.0,1576658844902209043
-0.0,1.2557811788219584,-2.47401992266523,1.505110491664558,-0.0,1576658844912226915
-0.0,1.2563954004625641,-2.4756849667716327,1.5060396951254786,-0.0,1576658844922162055
-0.0,1.257029760517616,-2.4773971347678394,1.5069467746944731,-0.0,1576658844932208061
-0.0,1.257694328194337,-2.4791407186905814,1.5078317303715405,-0.0,1576658844942212104
-0.0,1.258379034285504,-2.4809157185398596,1.5086945621566814,-0.0,1576658844952208995
-0.0,1.2590939479983398,-2.482722134315674,1.5095131461579692,-0.0,1576658844962194919
-0.0,1.2598290001256223,-2.4845599660180238,1.5103096062673298,-0.0,1576658844972218990
-0.0,1.2605741214601276,-2.4864292136469097,1.511061818592837,-0.0,1576658844982213973
-0.0,1.2613393812090787,-2.488314169239064,1.511769783134491,-0.0,1576658844992192983
-0.0,1.2621348485796993,-2.490230540757753,1.5124556237842186,-0.0,1576658845002201080
-0.0,1.262940385157543,-2.492178328202979,1.5130972166500924,-0.0,1576658845012212991
-0.0,1.2637660601498326,-2.494141823611473,1.5137166856240398,-0.0,1576658845022178888
-0.0,1.264591735142122,-2.496121026983234,1.514269782922207,-0.0,1576658845032207965
-0.0,1.2654476177560807,-2.4981316462815317,1.5148007563284474,-0.0,1576658845042208909
-0.0,1.2663035003700396,-2.500157973543097,1.5152874819508346,-0.0,1576658845052211046
-0.0,1.2671694521912216,-2.5021843008046627,1.5157299597893683,-0.0,1576658845062211036
-0.0,1.2680454732196262,-2.504242043992764,1.5161503137359755,-0.0,1576658845072212934
-0.0,1.2689214942480311,-2.506299787180865,1.5165042960068027,-0.0,1576658845082211017
-0.0,1.269807584483659,-2.508373238332234,1.5168140304937763,-0.0,1576658845092210054
-0.0,1.270693674719287,-2.5104623974468714,1.5171016410888232,-0.0,1576658845102221965
-0.0,1.2715696957476919,-2.512535848598241,1.5173450039000167,-0.0,1576658845112215042
-0.0,1.2724658551905426,-2.514640715676146,1.517544118927357,-0.0,1576658845122210025
-0.0,1.2733418762189475,-2.5167298747907836,1.5176989861708436,-0.0,1576658845132206916
-0.0,1.2742178972473523,-2.5188347418686887,1.5178317295224037,-0.0,1576658845142209053
-0.0,1.2750838490685341,-2.5209239009833255,1.5178981011981838,-0.0,1576658845152201890
-0.0,1.275939731682493,-2.523013060097963,1.5179423489820376,-0.0,1576658845162206888
-0.0,1.2767956142964516,-2.5251022192126,1.5179423489820376,-0.0,1576658845172208070
-0.0,1.2776313584959644,-2.5271913783272373,1.5179423489820376,-0.0,1576658845182214021
-0.0,1.278467102695477,-2.5292648294786066,1.5178759773062573,-0.0,1576658845192219018
-0.0,1.2792726392733207,-2.531322572666708,1.5177653578466237,-0.0,1576658845202178001
-0.0,1.280068106643941,-2.533380315854809,1.5176547383869903,-0.0,1576658845212208986
-0.0,1.2808434356001155,-2.5354223510796428,1.5174998711435035,-0.0,1576658845222209930
-0.0,1.2816086953490669,-2.53743297037794,1.51732288000809,-0.0,1576658845232177019
-0.0,1.282333678269126,-2.5394435896762375,1.5171016410888232,-0.0,1576658845242194890
-0.0,1.2830586611891852,-2.541422793047999,1.5168582782776294,-0.0,1576658845252212047
-0.0,1.2837433672803522,-2.543386288456493,1.5165927915745092,-0.0,1576658845262204885
-0.0,1.284418004164296,-2.5453183679384503,1.5163051809794625,-0.0,1576658845272206068
-0.0,1.285062433426571,-2.5472347394571404,1.5160175703844154,-0.0,1576658845282206058
-0.0,1.2856867242744,-2.5491196950492943,1.515685712005515,-0.0,1576658845292207956
-0.0,1.2862707382933363,-2.550957526751644,1.5153538536266147,-0.0,1576658845302211999
-0.0,1.2868346138978268,-2.552779650490726,1.5149998713557877,-0.0,1576658845312210083
-0.0,1.2873783510878711,-2.5545703583032724,1.514623765193034,-0.0,1576658845322211980
-0.0,1.2878818114490236,-2.556313942226015,1.514269782922207,-0.0,1576658845332206964
-0.0,1.2883651333957296,-2.558026110222221,1.5138715528675268,-0.0,1576658845342212915
-0.0,1.2888283169279897,-2.5596911543286236,1.5134733228128463,-0.0,1576658845352219104
-0.0,1.2892411544241345,-2.5613090745452225,1.513075092758166,-0.0,1576658845362219095
-0.0,1.289633853505833,-2.562895578835285,1.5126768627034854,-0.0,1576658845372209072
-0.0,1.2900064141730858,-2.564434959235544,1.5122786326488051,-0.0,1576658845382214069
-0.0,1.290348767218669,-2.5659115077827317,1.5118804025941246,-0.0,1576658845392204046
-0.0,1.2906508434353605,-2.567356640403383,1.5114821725394443,-0.0,1576658845402198076
-0.0,1.2909327812376057,-2.5687232332076944,1.5110839424847637,-0.0,1576658845412209033
-0.0,1.291184511418182,-2.5700584100854704,1.5107078363220101,-0.0,1576658845422205924
-0.0,1.2914161031843119,-2.5713307551101736,1.5103317301592565,-0.0,1576658845432215929
-0.0,1.291617487328773,-2.5725402682818057,1.5099556239965028,-0.0,1576658845442217111
-0.0,1.2917987330587877,-2.5736869496003663,1.5096016417256757,-0.0,1576658845452204942
-0.0,1.2919397019599104,-2.5747707990658544,1.5092476594548487,-0.0,1576658845462208032
-0.0,1.2920806708610328,-2.5758075246415393,1.5089158010759485,-0.0,1576658845472203969
-0.0,1.2921914321404862,-2.5767657104008843,1.5086060665889747,-0.0,1576658845482207059
-0.0,1.2922820550054939,-2.5776453563438895,1.5083184559939278,-0.0,1576658845492211103
-0.0,1.292352539456055,-2.578477878397091,1.5080529692908076,-0.0,1576658845502240896
-0.0,1.2924129546993934,-2.5792161526706847,1.5077874825876874,-0.0,1576658845512217998
-0.0,1.2924532315282855,-2.5798915950912065,1.5075662436684203,-0.0,1576658845522216081
-0.0,1.2924834391499547,-2.5805042056586562,1.5073671286410801,-0.0,1576658845532218933
-0.0,1.2925035775644007,-2.5810225684464982,1.5071901375056667,-0.0,1576658845542227029
-0.0,1.2925136467716236,-2.581478099381269,1.5070131463702532,-0.0,1576658845552227020
-0.0,1.2925136467716236,-2.581839382536432,1.5069025269106195,-0.0,1576658845562190055
-0.0,1.2925136467716236,-2.5821378338385226,1.5067919074509861,-0.0,1576658845572213888
-0.0,1.2925136467716236,-2.582342037361006,1.5067034118832794,-0.0,1576658845582227945
-0.0,1.2925035775644007,-2.5824677010671495,1.506681287991353,-0.0,1576658845592215061
-0.0,1.2925035775644007,-2.5825148249569536,1.506659164099426,-0.0,1576658845602216958
-0.0,1.2925035775644007,-2.5824677010671495,1.506681287991353,-0.0,1576658845612215995
-0.0,1.2925136467716236,-2.582342037361006,1.506725535775206,-0.0,1576658845622205018
-0.0,1.2925337851860699,-2.582122125875255,1.5067919074509861,-0.0,1576658845632220029
-0.0,1.292563992807739,-2.581823674573164,1.5069025269106195,-0.0,1576658845642211914
-0.0,1.292614338843854,-2.581430975491465,1.5070352702621796,-0.0,1576658845652211904
-0.0,1.2926747540871923,-2.5809597365934267,1.5072122613975933,-0.0,1576658845662204980
-0.0,1.2927553077449767,-2.5803942499157806,1.5074113764249337,-0.0,1576658845672210931
-0.0,1.2928559998172071,-2.5797345154585263,1.5076326153442003,-0.0,1576658845682212114
-0.0,1.2929768303038836,-2.5789805332216647,1.5078981020473206,-0.0,1576658845692210912
-0.0,1.2931278684122294,-2.5781480111684636,1.5081857126423677,-0.0,1576658845702208995
-0.0,1.2932990449350212,-2.5772212413356548,1.5084954471293412,-0.0,1576658845712212085
-0.0,1.293510498286705,-2.576215931686506,1.5088494294001684,-0.0,1576658845722203969
-0.0,1.293752159260058,-2.57511637425775,1.509225535562922,-0.0,1576658845732222080
-0.0,1.2940240278550803,-2.5739225690493854,1.5096237656176024,-0.0,1576658845742212057
-0.0,1.2943361732789949,-2.572634516061414,1.5100441195642096,-0.0,1576658845752211093
-0.0,1.2946885955318013,-2.5712679232571025,1.5104865974027433,-0.0,1576658845762208938
-0.0,1.295061156199054,-2.569822790636451,1.5109733230251305,-0.0,1576658845772207021
-0.0,1.2954941321096447,-2.5682834102361918,1.5114600486475174,-0.0,1576658845782200098
-0.0,1.2959673848491278,-2.566649782056325,1.5119688981618313,-0.0,1576658845792206048
-0.0,1.29647084521028,-2.5649533220233867,1.5125219954599987,-0.0,1576658845802205085
-0.0,1.2970347208147708,-2.56316261421084,1.513052968866239,-0.0,1576658845812211990
-0.0,1.2976388732481534,-2.561293366581954,1.5136281900563329,-0.0,1576658845822139978
-0.0,1.2982833025104281,-2.5593455791367288,1.5142034112464269,-0.0,1576658845832206010
-0.0,1.2989881470160412,-2.5573192518751635,1.5148007563284474,-0.0,1576658845842209100
-0.0,1.2997332683505465,-2.555214384797258,1.515420225302395,-0.0,1576658845852210044
-0.0,1.3005287357211668,-2.5530309779030134,1.5160175703844154,-0.0,1576658845862205028
-0.0,1.3013745491279025,-2.550784739155697,1.5166591632502895,-0.0,1576658845872208118
-0.0,1.3022606393635305,-2.5484599605920404,1.5172786322242366,-0.0,1576658845882206916
-0.0,1.3032172140497196,-2.5460723501753115,1.5178981011981838,-0.0,1576658845892214059
-0.0,1.3042140655648011,-2.5436219079055116,1.518539694064058,-0.0,1576658845902206897
-0.0,1.3052612631159974,-2.54110863378264,1.519181286929932,-0.0,1576658845912200927
-0.0,1.3063688759105325,-2.5385325278066966,1.519800755903879,-0.0,1576658845922209978
-0.0,1.3075167655339597,-2.535909297940949,1.5204202248778265,-0.0,1576658845932209014
-0.0,1.3087150011935018,-2.533207528258862,1.5210396938517738,-0.0,1576658845942181110
-0.0,1.3099635828891594,-2.5304743426502387,1.5216591628257208,-0.0,1576658845952210903
-0.0,1.311262510620932,-2.5276783251885435,1.5222565079077417,-0.0,1576658845962212085
-0.0,1.3126117843888199,-2.5248351838370446,1.5228317290978353,-0.0,1576658845972203016
-0.0,1.314011404192823,-2.52196062655901,1.5234069502879295,-0.0,1576658845982202053
-0.0,1.3154513008257185,-2.5190389453911717,1.5239821714780233,-0.0,1576658845992201089
-0.0,1.316941543494729,-2.5160701403335293,1.524513144884264,-0.0,1576658846002206087
-0.0,1.3184821321998548,-2.513069919349351,1.5250219943985777,-0.0,1576658846012206077
-0.0,1.3200529285266498,-2.510053990401905,1.5255308439128914,-0.0,1576658846022208929
-0.0,1.3216740708895596,-2.506990937564655,1.525995445643352,-0.0,1576658846032177925
-0.0,1.3233455592885852,-2.503912176764137,1.5264600473738124,-0.0,1576658846042211055
-0.0,1.3250472553092794,-2.500817708000351,1.5268804013204196,-0.0,1576658846052211046
-0.0,1.32676908974442,-2.4976918233100296,1.5272565074831732,-0.0,1576658846062175989
-0.0,1.328551339422899,-2.4945659386197074,1.527632613645927,-0.0,1576658846072206974
-0.0,1.330353727515824,-2.491424345966118,1.527964472024827,-0.0,1576658846082206964
-0.0,1.332196392437641,-2.4882670453492595,1.5282520826198742,-0.0,1576658846092176914
-0.0,1.334059195773904,-2.485109744732402,1.5285175693229947,-0.0,1576658846102210044
-0.0,1.3359522067318363,-2.4819524441155445,1.528760932134188,-0.0,1576658846112211942
-0.0,1.337885494518661,-2.4787951434986866,1.5289600471615283,-0.0,1576658846122208118
-0.0,1.3398288515127086,-2.4756535508450965,1.5291149144050151,-0.0,1576658846132209062
-0.0,1.341782277713979,-2.472511958191507,1.5292255338646483,-0.0,1576658846142219066
-0.0,1.3437759807441418,-2.469386073501185,1.5293140294323553,-0.0,1576658846152211904
-0.0,1.3457596145670816,-2.4662758967741314,1.5293582772162087,-0.0,1576658846162214040
-0.0,1.3477734560116903,-2.4631971359736133,1.5293582772162087,-0.0,1576658846172209024
-0.0,1.3498074358707453,-2.4601340831363627,1.529336153324282,-0.0,1576658846182209014
-0.0,1.351821277315354,-2.457102446225649,1.5292476577565752,-0.0,1576658846192207098
-0.0,1.353865326381632,-2.4540865172782027,1.5291370382969418,-0.0,1576658846202200889
-0.0,1.355889237033464,-2.4511177122205607,1.528982171053455,-0.0,1576658846212205886
-0.0,1.3579332860997422,-2.448180323089454,1.5287830560261146,-0.0,1576658846222210884
-0.0,1.359967265958797,-2.4452900578481516,1.5285618171068478,-0.0,1576658846232213020
-0.0,1.3619811074034056,-2.442431208533385,1.5282963304037274,-0.0,1576658846242208003
-0.0,1.3640050180552374,-2.43963519107169,1.5279865959167538,-0.0,1576658846252203941
-0.0,1.3660087902926235,-2.436870589536531,1.527632613645927,-0.0,1576658846262203931
-0.0,1.3679924241155632,-2.4341688198544436,1.5272565074831732,-0.0,1576658846272211074
-0.0,1.3699659887312798,-2.43151417406216,1.526858277428493,-0.0,1576658846282172918
-0.0,1.3719093457253273,-2.4289380680862167,1.5263936756980323,-0.0,1576658846292207002
-0.0,1.3738426335121519,-2.4263933780368085,1.5259290739675717,-0.0,1576658846302201986
-0.0,1.375735644470084,-2.4239272278037407,1.525420224453258,-0.0,1576658846312202930
-0.0,1.3776085170135703,-2.4215239094237444,1.5248892510470176,-0.0,1576658846322170972
-0.0,1.3794411127281645,-2.4191991308600884,1.5243140298569238,-0.0,1576658846332201004
-0.0,1.3812435008210895,-2.4169371841495035,1.5237388086668298,-0.0,1576658846342202901
-0.0,1.383005612085122,-2.414753777255259,1.5231193396928826,-0.0,1576658846352214097
-0.0,1.3847274465202626,-2.4126332022140855,1.522499870718935,-0.0,1576658846362207889
-0.0,1.386398934919288,-2.410591166989252,1.5218361539611347,-0.0,1576658846372174978
-0.0,1.388020077282198,-2.4086276715807586,1.5211945610952604,-0.0,1576658846382219076
-0.0,1.389600942816216,-2.4067584239518727,1.5205308443374599,-0.0,1576658846392206907
-0.0,1.3911314623141189,-2.4049520081760587,1.5198450036877327,-0.0,1576658846402208089
-0.0,1.392601566568683,-2.403239840179852,1.519159163038005,-0.0,1576658846412208080
-0.0,1.3940213247871323,-2.4016062119999853,1.518473322388278,-0.0,1576658846422173976
-0.0,1.3953705985550204,-2.4000668315997262,1.5177874817385504,-0.0,1576658846432204961
-0.0,1.396669526286793,-2.398605991015807,1.5171016410888232,-0.0,1576658846442203998
-0.0,1.3979080387752276,-2.3972236902482273,1.516460048222949,-0.0,1576658846452210903
-0.0,1.3990659976058775,-2.3959513452235237,1.5157963314651486,-0.0,1576658846462208986
-0.0,1.4001534719859663,-2.3947575400151595,1.5151547385992745,-0.0,1576658846472177028
-0.0,1.4011704619154939,-2.393657982586403,1.5145352696253271,-0.0,1576658846482209920
-0.0,1.402127036601683,-2.3926369649739865,1.513937924543307,-0.0,1576658846492212057
-0.0,1.403003057630088,-2.3917101951411777,1.5133848272451396,-0.0,1576658846502207040
-0.0,1.4038085942079315,-2.390877673087976,1.512853853838899,-0.0,1576658846512212038
-0.0,1.4045134387135445,-2.390139398814383,1.5123671282165116,-0.0,1576658846522219896
-0.0,1.4051578679758194,-2.3894796643571286,1.511902526486051,-0.0,1576658846532208919
-0.0,1.4057116743730866,-2.388914177679483,1.5115042964313707,-0.0,1576658846542208909
-0.0,1.4061949963197926,-2.388442938781444,1.511150314160544,-0.0,1576658846552206993
-0.0,1.4065876954014918,-2.388065947663013,1.510862703565497,-0.0,1576658846562210083
-0.0,1.406889771618183,-2.3877674963609223,1.5106193407543034,-0.0,1576658846572210073
-0.0,1.4071012249698667,-2.3875475848751715,1.5104423496188901,-0.0,1576658846582207918
-0.0,1.4072421938709896,-2.3874219211690275,1.5103317301592565,-0.0,1576658846592206954
-0.0,1.4072824706998817,-2.387374797279224,1.5102874823754031,-0.0,1576658846602202892
-0.0,1.4072421938709896,-2.3874219211690275,1.5103317301592565,-0.0,1576658846612209081
-0.0,1.4071012249698667,-2.3875475848751715,1.5104423496188901,-0.0,1576658846622205972
-0.0,1.4068797024109598,-2.387751788397654,1.51064146464623,-0.0,1576658846632206916
-0.0,1.4065776261942686,-2.3880345317364773,1.5109511991332036,-0.0,1576658846642127990
-0.0,1.406164788698124,-2.3883958148916404,1.5113273052959573,-0.0,1576658846652205944
-0.0,1.4056713975441943,-2.3888199298998747,1.5117919070264179,-0.0,1576658846662204027
-0.0,1.4050873835252582,-2.389338292687717,1.5123671282165116,-0.0,1576658846672205924
-0.0,1.4044127466413139,-2.389903779365363,1.513052968866239,-0.0,1576658846682203054
-0.0,1.4036474868923627,-2.3905478058593492,1.5138494289756,-0.0,1576658846692203998
-0.0,1.4027916042784039,-2.391254664206407,1.5147343846526673,-0.0,1576658846702209949
-0.0,1.4018551680066609,-2.3920243544065363,1.5157299597893683,-0.0,1576658846712203025
-0.0,1.4008281088699104,-2.3928568764597378,1.5168582782776294,-0.0,1576658846722207069
-0.0,1.3997003576609295,-2.393752230366011,1.5180750923335975,-0.0,1576658846732206106
-0.0,1.3984920527941642,-2.394694708162088,1.5194246497411255,-0.0,1576658846742214918
-0.0,1.3972031942696141,-2.3956843098479688,1.520884826608287,-0.0,1576658846752214908
-0.0,1.3958337820872804,-2.396736743386921,1.5224777468270085,-0.0,1576658846762208938
-0.0,1.394373747039939,-2.3978363008156776,1.5241812865053634,-0.0,1576658846772224903
-0.0,1.392833158334813,-2.39896727417097,1.5260175695352787,-0.0,1576658846782190084
-0.0,1.391212015971903,-2.400145371416066,1.527964472024827,-0.0,1576658846792215108
-0.0,1.3895103199512087,-2.401354884587698,1.530044117865936,-0.0,1576658846802212953
-0.0,1.3877482086871757,-2.4026115216491344,1.5322565070586047,-0.0,1576658846812211036
-0.0,1.3858954745581358,-2.403883866673838,1.5345795157109072,-0.0,1576658846822208881
-0.0,1.3839722559785341,-2.4052033355883458,1.537013143822843,-0.0,1576658846832207918
-0.0,1.3819785529483715,-2.4065385124661214,1.5396016391782656,-0.0,1576658846842189073
-0.0,1.3799143654676476,-2.407889397307165,1.5423007539933216,-0.0,1576658846852196931
-0.0,1.377779693536362,-2.409271698074744,1.5451104882680111,-0.0,1576658846862175941
-0.0,1.3755946755689614,-2.4106539988423243,1.5480529658942606,-0.0,1576658846872208118
-0.0,1.3733291039437767,-2.412067715536439,1.551083939088217,-0.0,1576658846882210016
-0.0,1.3710232554896993,-2.4134657242672866,1.5542697795256601,-0.0,1576658846892205953
-0.0,1.368646922585061,-2.414879440961402,1.55754411553081,-0.0,1576658846902204036
-0.0,1.3662202436443072,-2.4162931576555176,1.5609511948875203,-0.0,1576658846912204027
-0.0,1.3637432186674385,-2.417706874349633,1.5644467698119366,-0.0,1576658846922204017
-0.0,1.3612158476544545,-2.4191362990070164,1.5680750880879137,-0.0,1576658846932207107
-0.0,1.3586381306053552,-2.420534307737864,1.5717919019315978,-0.0,1576658846942202091
-0.0,1.3560201367273634,-2.4219323164687117,1.575597211342988,-0.0,1576658846952205896
-0.0,1.35336186602048,-2.4233146172362905,1.579513140214012,-0.0,1576658846962203025
-0.0,1.3506633184847041,-2.4246812100406023,1.5835175646527428,-0.0,1576658846972204923
-0.0,1.3479345633272588,-2.426032094881646,1.5876326085511063,-0.0,1576658846982204914
-0.0,1.3451756005481448,-2.427351563796154,1.591791900233324,-0.0,1576658846992213964
-0.0,1.3423864301473618,-2.4286553247473934,1.596061811375175,-0.0,1576658847002177000
-0.0,1.3395670521249092,-2.429927669772097,1.600420218084733,-0.0,1576658847012212038
-0.0,1.3367275356880108,-2.4311843068335333,1.6048228725781437,-0.0,1576658847022214889
-0.0,1.3338678808366662,-2.4323938200051654,1.609291898747335,-0.0,1576658847032207965
-0.0,1.3309981567780989,-2.4335719172502612,1.6138494204842329,-0.0,1576658847042208909
-0.0,1.3281082943050848,-2.434718598568822,1.6184511900049838,-0.0,1576658847052208900
-0.0,1.3252184318320712,-2.435818155997578,1.6230972073095888,-0.0,1576658847062213897
-0.0,1.3223084309446116,-2.436886297499799,1.6278095962899735,-0.0,1576658847072190999
-0.0,1.3194084992643749,-2.4379073151122155,1.6325441091622845,-0.0,1576658847082175970
-0.0,1.316498498376915,-2.438896916798096,1.6373228698184497,-0.0,1576658847092206001
-0.0,1.313598566696678,-2.4398236866309055,1.642123754366541,-0.0,1576658847102205991
-0.0,1.3106986350164416,-2.4407190405371786,1.6469688866984855,-0.0,1576658847112205028
-0.0,1.307808772543428,-2.4415672705536475,1.651814019030431,-0.0,1576658847122176885
-0.0,1.3049289792776373,-2.442352668717045,1.6567033991462288,-0.0,1576658847132215976
-0.0,1.3020693244262929,-2.4430909429906387,1.6615706553701002,-0.0,1576658847142211914
-0.0,1.2992298079893942,-2.4437820933744283,1.6664379115939716,-0.0,1576658847152215957
-0.0,1.296410429966942,-2.444426119868414,1.6713051678178434,-0.0,1576658847162219047
-0.0,1.2936111903589356,-2.4450073145093283,1.676172424041715,-0.0,1576658847172204971
-0.0,1.2908522275798215,-2.4455256772971707,1.6810175563736596,-0.0,1576658847182204008
-0.0,1.2881134032151533,-2.446012624158477,1.6858405648136778,-0.0,1576658847192204952
-0.0,1.2854148556793774,-2.4464367391667117,1.6906193254698423,-0.0,1576658847202174901
-0.0,1.2827465157652709,-2.4468137302851423,1.6953980861260074,-0.0,1576658847212218046
-0.0,1.2801184526800562,-2.4471278895505013,1.7001104751063918,-0.0,1576658847222213029
-0.0,1.2775205972165107,-2.4473949249260567,1.7047786163029233,-0.0,1576658847232208967
-0.0,1.2749831569963037,-2.447614836411808,1.7094025097156011,-0.0,1576658847242177963
-0.0,1.2724859936049886,-2.4477719160444877,1.7139821553444257,-0.0,1576658847252187967
-0.0,1.270029107042566,-2.447881871787363,1.7184733054055437,-0.0,1576658847262190103
-0.0,1.2676326357234815,-2.447944703640435,1.7228980837908814,-0.0,1576658847272212982
-0.0,1.2652965796477351,-2.447960411603703,1.7272564905004393,-0.0,1576658847282207965
-0.0,1.2630008004008813,-2.4479289956771666,1.731548525534217,-0.0,1576658847292205095
-0.0,1.2607755056045884,-2.447850455860827,1.7357520650002876,-0.0,1576658847302201986
-0.0,1.258600556844411,-2.4477247921546836,1.739844985006725,-0.0,1576658847312205076
-0.0,1.2564960925347946,-2.447567712522004,1.7438715333373822,-0.0,1576658847322176933
-0.0,1.2544419742612936,-2.447363508999521,1.747765338316479,-0.0,1576658847332211971
-0.0,1.252468409645577,-2.4471278895505013,1.75157064772787,-0.0,1576658847342199087
-0.0,1.2505552602731984,-2.4468608541749464,1.7552874615715535,-0.0,1576658847352209091
-0.0,1.2487025261441584,-2.4465466949095878,1.7588715320636772,-0.0,1576658847362212896
-0.0,1.2469202764656795,-2.4462168276809604,1.7623449830961673,-0.0,1576658847372209072
-0.0,1.2452286496522083,-2.4458555445257977,1.765685690777097,-0.0,1576658847382210016
-0.0,1.243587368874852,-2.4454785534073666,1.7688936551064671,-0.0,1576658847392148971
-0.0,1.24202664175528,-2.4450701463624,1.7719909999762031,-0.0,1576658847402209997
-0.0,1.2405464682934926,-2.4446460313541656,1.7749556014943797,-0.0,1576658847412208080
-0.0,1.2391267100750434,-2.444206208382663,1.7777874596609957,-0.0,1576658847422204971
-0.0,1.2377975747216015,-2.4437663854111604,1.7804644505841254,-0.0,1576658847432213068
-0.0,1.236538923818721,-2.44331085447639,1.7830086981556943,-0.0,1576658847442209005
-0.0,1.2353507573664018,-2.442855323541619,1.7854202023757035,-0.0,1576658847452203035
-0.0,1.234243144571867,-2.4423840846435807,1.7876768393522255,-0.0,1576658847462178945
-0.0,1.2332160854351164,-2.4419442616720786,1.789778609085261,-0.0,1576658847472199916
-0.0,1.23226957995615,-2.441504438700576,1.7917476354667363,-0.0,1576658847482202053
-0.0,1.2313935589277454,-2.441064615729073,1.7935396707127984,-0.0,1576658847492211103
-0.0,1.230608160764348,-2.4406562086841066,1.7951989626073,-0.0,1576658847502198934
-0.0,1.2298932470515118,-2.44024780163914,1.7966812633663878,-0.0,1576658847512208938
-0.0,1.229248817789237,-2.439886518483977,1.7980308207739162,-0.0,1576658847522177934
-0.0,1.2286950113919695,-2.4395252353288144,1.7992033870460304,-0.0,1576658847532206058
-0.0,1.2282116894452635,-2.439226784026723,1.8002432099665848,-0.0,1576658847542208909
-0.0,1.2277988519491188,-2.4389440406879,1.8011060417517257,-0.0,1576658847552206993
-0.0,1.2274665681107582,-2.4387241292021486,1.8018140062933798,-0.0,1576658847562206983
-0.0,1.227214837930182,-2.438535633642933,1.8023671035915472,-0.0,1576658847572206020
-0.0,1.2270335922001672,-2.4383942619735217,1.8027432097543008,-0.0,1576658847582207918
-0.0,1.2269228309207139,-2.438300014193914,1.8029865725654943,-0.0,1576658847592206954
-0.0,1.2268926232990447,-2.438268598267378,1.803075068133201,-0.0,1576658847602211952
-0.0,1.2269228309207139,-2.438300014193914,1.8029865725654943,-0.0,1576658847612176895
-0.0,1.2270335922001672,-2.4383942619735217,1.8027653336462275,-0.0,1576658847622206926
-0.0,1.227204768722959,-2.4385670495694693,1.8023671035915472,-0.0,1576658847632203102
-0.0,1.2274464296963121,-2.4388026690184885,1.8018361301853065,-0.0,1576658847642204046
-0.0,1.2277585751202265,-2.4391011203205797,1.8011281656436524,-0.0,1576658847652224063
-0.0,1.228131135787479,-2.439493819402278,1.800309581642365,-0.0,1576658847662199974
-0.0,1.228574180905293,-2.4399493503370486,1.7993140065056639,-0.0,1576658847672208070
-0.0,1.2290675720592221,-2.440499129051427,1.798185688017403,-0.0,1576658847682228088
-0.0,1.2296314476637125,-2.441143155545413,1.796902502285655,-0.0,1576658847692188024
-0.0,1.2302557385115414,-2.4418657218557387,1.795486573202347,-0.0,1576658847702225923
-0.0,1.2309303753954852,-2.442666827982404,1.793915776875552,-0.0,1576658847712210893
-0.0,1.2316754967299905,-2.443577889851945,1.7922343610891238,-0.0,1576658847722214937
-0.0,1.2324608948933882,-2.4445674915378257,1.7903980780592086,-0.0,1576658847732209920
-0.0,1.2333067083001237,-2.4456513410033143,1.7884511755696597,-0.0,1576658847742207050
-0.0,1.2342028677429748,-2.4468294382484106,1.7863494058366245,-0.0,1576658847752218008
-0.0,1.2351393040147178,-2.4481017832731142,1.7841370166439556,-0.0,1576658847762176990
-0.0,1.2361361555297992,-2.449484084040694,1.7817918840997267,-0.0,1576658847772208929
-0.0,1.2371732838737728,-2.450944924624613,1.7793361320958643,-0.0,1576658847782210111
-0.0,1.2382607582538616,-2.452515720951408,1.7767697606323682,-0.0,1576658847792211055
-0.0,1.2393885094628425,-2.4541650570945426,1.7740706458173123,-0.0,1576658847802198886
-0.0,1.2405565375007157,-2.4559243489805525,1.771260911542623,-0.0,1576658847812215089
-0.0,1.2417648423674807,-2.457777888646171,1.7683626817002267,-0.0,1576658847822175025
-0.0,1.2430134240631385,-2.459725676091397,1.7653317085062703,-0.0,1576658847832202911
-0.0,1.244292213380465,-2.4617520033529616,1.7622122397446072,-0.0,1576658847842207908
-0.0,1.2456012103194607,-2.4638725783941346,1.759004275415237,-0.0,1576658847852202892
-0.0,1.2469504840873487,-2.466087401214916,1.755685691626234,-0.0,1576658847862202882
-0.0,1.2483299654769058,-2.4683964718153044,1.7523007361614504,-0.0,1576658847872162103
-0.0,1.2497396544881318,-2.4707840822320324,1.748805161237034,-0.0,1576658847882174015
-0.0,1.251179551121027,-2.4732502324651002,1.7452432146368368,-0.0,1576658847892194032
-0.0,1.2526395861683688,-2.4757949225145084,1.741592772468933,-0.0,1576658847902209997
-0.0,1.2541298288373792,-2.478402444416988,1.737853834733323,-0.0,1576658847912209987
-0.0,1.2556301407136128,-2.481104214099075,1.7340485253219324,-0.0,1576658847922210931
-0.0,1.2571606602115155,-2.4838688156342337,1.7301768442347618,-0.0,1576658847932208061
-0.0,1.2587113181238643,-2.486696249022465,1.7262387914718111,-0.0,1576658847942210912
-0.0,1.2602821144506593,-2.489586514263767,1.7222343670330806,-0.0,1576658847952204942
-0.0,1.2618629799846772,-2.492539611358142,1.7181856948104968,-0.0,1576658847962177991
-0.0,1.263453914725918,-2.4955398323423204,1.7140706509121324,-0.0,1576658847972207069
-0.0,1.2650649878816052,-2.498587177216302,1.7099113592299149,-0.0,1576658847982217073
-0.0,1.2666861302445154,-2.501697353943356,1.705707819763844,-0.0,1576658847992212057
-0.0,1.2683173418146485,-2.504838946596946,1.7014379086219935,-0.0,1576658848002201080
-0.0,1.2699586225920048,-2.5080119551770714,1.697145873588216,-0.0,1576658848012223005
-0.0,1.2715898341621379,-2.5112320876470013,1.6928317146625116,-0.0,1576658848022212028
-0.0,1.273241184146717,-2.5144679280801987,1.6884733079529537,-0.0,1576658848032211065
-0.0,1.2748925341312964,-2.5177351844399323,1.6840927773514691,-0.0,1576658848042182922
-0.0,1.2765438841158756,-2.5210181487629333,1.6796679989661318,-0.0,1576658848052208900
-0.0,1.278205303307678,-2.5243168210492026,1.6752432205807941,-0.0,1576658848062210083
-0.0,1.279856653292257,-2.527615493335472,1.6707963183035293,-0.0,1576658848072220087
-0.0,1.2815080032768364,-2.530929873585009,1.666349416026265,-0.0,1576658848082212924
-0.0,1.2831492840541927,-2.5342442538345464,1.661880389857074,-0.0,1576658848092220067
-0.0,1.2847905648315487,-2.5375429261208153,1.6574334875798094,-0.0,1576658848102209091
-0.0,1.2864217764016819,-2.540825890443817,1.6529423375186918,-0.0,1576658848112209081
-0.0,1.288052987971815,-2.5441088547668183,1.6484954352414274,-0.0,1576658848122210025
-0.0,1.2896640611275023,-2.5473604031632835,1.644026409072236,-0.0,1576658848132205963
-0.0,1.2912751342831894,-2.5505962435964813,1.6396016306868983,-0.0,1576658848142211914
-0.0,1.2928660690244302,-2.553800668103143,1.635154728409634,-0.0,1576658848152134895
-0.0,1.2944469345584482,-2.556957968720001,1.630752073916223,-0.0,1576658848162204980
-0.0,1.2960177308852432,-2.560083853410322,1.6263715433147388,-0.0,1576658848172200918
-0.0,1.297568388797592,-2.5631783221741085,1.6220131366051809,-0.0,1576658848182200908
-0.0,1.2991089775027176,-2.566209959084823,1.6176989776794766,-0.0,1576658848192210912
-0.0,1.3006092893789514,-2.569194472105733,1.613406942645699,-0.0,1576658848202205896
-0.0,1.302109601255185,-2.57213186123684,1.6091591553957745,-0.0,1576658848212193965
-0.0,1.3035797055097493,-2.5750064185148744,1.6049334920377774,-0.0,1576658848222202062
-0.0,1.3050397405570906,-2.5778024359765688,1.6007742003555598,-0.0,1576658848232211112
-0.0,1.306469567982763,-2.58055132954846,1.5966812803491226,-0.0,1576658848242209911
-0.0,1.3078691877867663,-2.583221683304011,1.5926104842346118,-0.0,1576658848252208948
-0.0,1.3092688075907692,-2.585813497243223,1.5886281836878076,-0.0,1576658848262208938
-0.0,1.3106180813586572,-2.588342479329363,1.5846901309248569,-0.0,1576658848272218942
-0.0,1.3119472167120991,-2.590777213635895,1.5808184498376865,-0.0,1576658848282211065
-0.0,1.3132461444438717,-2.5931491160893554,1.5770131404262964,-0.0,1576658848292208909
-0.0,1.3145148645539753,-2.5954267707632073,1.5732742026906856,-0.0,1576658848302227020
-0.0,1.3157533770424097,-2.5976258856207206,1.569623760522782,-0.0,1576658848312210083
-0.0,1.316961681909175,-2.5997307526986253,1.5660618139225853,-0.0,1576658848322207927
-0.0,1.318139779154271,-2.601741371996923,1.5625883628900952,-0.0,1576658848332207918
-0.0,1.3192876687776982,-2.603673451478881,1.559181283533385,-0.0,1576658848342178106
-0.0,1.320395281572233,-2.6055112831812313,1.5558626997443818,-0.0,1576658848352210998
-0.0,1.3214726867450988,-2.6072548671039733,1.552654735415012,-0.0,1576658848362230062
-0.0,1.3225098150890726,-2.608919911210376,1.5495573905452755,-0.0,1576658848372180938
-0.0,1.3235167358113769,-2.6104749995739027,1.5465264173513193,-0.0,1576658848382209062
-0.0,1.3244733104975661,-2.61195154812109,1.543628187508923,-0.0,1576658848392210960
-0.0,1.325399677562086,-2.6133338488886695,1.5408184532342335,-0.0,1576658848402206897
-0.0,1.326295837004937,-2.614621901876641,1.538141462311104,-0.0,1576658848412203073
-0.0,1.3271315812044495,-2.615815707085005,1.5355529669556813,-0.0,1576658848422208070
-0.0,1.3279471869895163,-2.616915264513762,1.5330972149518192,-0.0,1576658848432173967
-0.0,1.3287023775312445,-2.6179362821261787,1.53075208240759,-0.0,1576658848442204952
-0.0,1.3294273604513036,-2.618878759922256,1.5285618171068478,-0.0,1576658848452208995
-0.0,1.3301019973352477,-2.6197269899387248,1.5264600473738124,-0.0,1576658848462198019
-0.0,1.3307363573902995,-2.6204966801388543,1.524513144884264,-0.0,1576658848472204923
-0.0,1.331320371409236,-2.621187830522644,1.522676861854349,-0.0,1576658848482212066
-0.0,1.3318741778065035,-2.6218004410900937,1.5209733221759938,-0.0,1576658848492207050
-0.0,1.3323776381676558,-2.6223345118412045,1.5194246497411255,-0.0,1576658848502211093
-0.0,1.3328206832854699,-2.622805750739243,1.5180087206578174,-0.0,1576658848512203931
-0.0,1.3332335207816146,-2.6231984498209413,1.5167255349260695,-0.0,1576658848522217035
-0.0,1.3335960122416441,-2.6235440250128366,1.5155972164378082,-0.0,1576658848532227039
-0.0,1.3339182268727816,-2.62382676835166,1.5146016413011072,-0.0,1576658848542232990
-0.0,1.3341699570533576,-2.6240466798374107,1.5137830572998199,-0.0,1576658848552212953
-0.0,1.3343914796122645,-2.624219467433358,1.513075092758166,-0.0,1576658848562227964
-0.0,1.334562656135056,-2.6243451311395014,1.5125441193519253,-0.0,1576658848572216033
-0.0,1.3346834866217328,-2.6244393789191096,1.5121680131891715,-0.0,1576658848582218885
-0.0,1.3347640402795171,-2.6244865028089133,1.511924650377978,-0.0,1576658848592211008
-0.0,1.3347841786939634,-2.624502210772181,1.511836154810271,-0.0,1576658848602210044
-0.0,1.3347640402795171,-2.6244865028089133,1.511924650377978,-0.0,1576658848612183094
-0.0,1.3346834866217328,-2.6244550868823775,1.5121680131891715,-0.0,1576658848622203111
-0.0,1.334562656135056,-2.6243922550293055,1.5125441193519253,-0.0,1576658848632208108
-0.0,1.3343914796122645,-2.624329423176234,1.5130972166500924,-0.0,1576658848642191886
-0.0,1.3341699570533576,-2.624250883359894,1.5138051811917468,-0.0,1576658848652209997
-0.0,1.3339182268727816,-2.624172343543554,1.5146901368688142,-0.0,1576658848662209987
-0.0,1.3335960122416441,-2.624093803727215,1.5157078358974418,-0.0,1576658848672204017
-0.0,1.3332335207816146,-2.624015263910875,1.5169025260614828,-0.0,1576658848682204961
-0.0,1.3328206832854699,-2.623968140021071,1.518229959577084,-0.0,1576658848692203998
-0.0,1.3323776381676558,-2.623921016131267,1.519734384228099,-0.0,1576658848702204942
-0.0,1.3318741778065035,-2.623889600204731,1.5213715522306743,-0.0,1576658848712205886
-0.0,1.331330440616459,-2.623889600204731,1.5231857113686624,-0.0,1576658848722210884
-0.0,1.3307464265975224,-2.623921016131267,1.5251547377501378,-0.0,1576658848732208967
-0.0,1.3301120665424708,-2.6239838479843387,1.5272565074831732,-0.0,1576658848742202997
-0.0,1.329437429658527,-2.624078095763947,1.5295352683516223,-0.0,1576658848752208948
-0.0,1.3287225159456906,-2.624219467433358,1.5319467725716314,-0.0,1576658848762206077
-0.0,1.3279673254039621,-2.6243922550293055,1.5344910201432005,-0.0,1576658848772207975
-0.0,1.327171858033342,-2.6246278744783247,1.5371901349582564,-0.0,1576658848782202005
-0.0,1.3263461830410523,-2.624910617817148,1.5400219931248726,-0.0,1576658848792212009
-0.0,1.3254701620126472,-2.6252404850457745,1.5430087185349757,-0.0,1576658848802215099
-0.0,1.3245740025697965,-2.6256331841274734,1.5461060634047121,-0.0,1576658848812208890
-0.0,1.3236375662980535,-2.626088715062244,1.5493582755179354,-0.0,1576658848822206020
-0.0,1.3226709224046411,-2.6265913698868184,1.552721107090792,-0.0,1576658848832209110
-0.0,1.3216740708895596,-2.627172564527733,1.5561945581232821,-0.0,1576658848842206001
-0.0,1.3206470117528093,-2.6278165910217184,1.559822876399259,-0.0,1576658848852205991
-0.0,1.3195897449943896,-2.628523449368776,1.5635396902429426,-0.0,1576658848862210988
-0.0,1.3185123398215237,-2.6292931395689054,1.5673671235462598,-0.0,1576658848872209072
-0.0,1.317404727026989,-2.6301570775486427,1.5713051763092103,-0.0,1576658848882193088
-0.0,1.3162769758180082,-2.6310681394181836,1.5753538485317944,-0.0,1576658848892206907
-0.0,1.315129086194581,-2.632057741104065,1.579513140214012,-0.0,1576658848902204036
-0.0,1.3139610581567078,-2.633125882606285,1.5837388035720095,-0.0,1576658848912211894
-0.0,1.3127829609116117,-2.634272563924845,1.5880529624977135,-0.0,1576658848922208070
-0.0,1.3115847252520696,-2.6354820770964773,1.5924556169911248,-0.0,1576658848932210922
-0.0,1.310376420385304,-2.6367701300844493,1.5969467670522426,-0.0,1576658848942181110
-0.0,1.3091580463113157,-2.6381210149254932,1.601482164897214,-0.0,1576658848952205896
-0.0,1.3079195338228813,-2.639566147546144,1.6061060583098918,-0.0,1576658848962210893
-0.0,1.3066910905416698,-2.641058404056599,1.6107963233983498,-0.0,1576658848972187995
-0.0,1.3054525780532356,-2.6426292003833947,1.6155308362706613,-0.0,1576658848982207059
-0.0,1.304203996357578,-2.644278536526529,1.6203095969268257,-0.0,1576658848992177963
-0.0,1.3029554146619207,-2.6459907045227355,1.625132605366844,-0.0,1576658849002204895
-0.0,1.301716902173486,-2.6477657043720138,1.6300219854826423,-0.0,1576658849012175083
-0.0,1.3004683204778285,-2.6496035360743635,1.6349113655984404,-0.0,1576658849022203922
-0.0,1.2992298079893942,-2.6515199075930536,1.6398228696061652,-0.0,1576658849032211065
-0.0,1.2979912955009598,-2.653483403001547,1.6447786213977433,-0.0,1576658849042205095
-0.0,1.2967729214269714,-2.6555097302631125,1.6497343731893217,-0.0,1576658849052201986
-0.0,1.2955646165602062,-2.657583181414482,1.6547122488728272,-0.0,1576658849062207937
-0.0,1.2943563116934407,-2.659719464418923,1.6596901245563318,-0.0,1576658849072205066
-0.0,1.2931782144483446,-2.661902871313168,1.6646458763479102,-0.0,1576658849082204103
-0.0,1.2919900479960253,-2.6641334020972165,1.6696016281394883,-0.0,1576658849092196941
-0.0,1.2908421583725984,-2.666411056771069,1.6745352560391398,-0.0,1576658849102225065
-0.0,1.2897043379563944,-2.6687358353347252,1.6794688839387915,-0.0,1576658849112221002
-0.0,1.2885866559546366,-2.6710920298249174,1.6843582640545898,-0.0,1576658849122214078
-0.0,1.2874891123673247,-2.673463932278378,1.689225520278461,-0.0,1576658849132183074
-0.0,1.286411707194459,-2.6758829586216426,1.6940485287184792,-0.0,1576658849142216920
-0.0,1.2853745788504853,-2.6783334008914426,1.6988494132665706,-0.0,1576658849152210950
-0.0,1.284347519713735,-2.6808152590877783,1.703583926138882,-0.0,1576658849162209033
-0.0,1.2833506681986535,-2.6832971172841145,1.7082520673354133,-0.0,1576658849172211885
-0.0,1.2823840243052413,-2.685794683443718,1.7128759607480915,-0.0,1576658849182199954
-0.0,1.2814475880334981,-2.688323665529858,1.7174334824849893,-0.0,1576658849192208051
-0.0,1.2805413593834243,-2.69083693965273,1.721924632546107,-0.0,1576658849202208042
-0.0,1.2796653383550194,-2.6933659217388692,1.7263494109314448,-0.0,1576658849212207078
-0.0,1.2788094557410605,-2.6958949038250095,1.7306856937490758,-0.0,1576658849222209930
-0.0,1.2780039191632169,-2.698408177947881,1.7349334809989998,-0.0,1576658849232211112
-0.0,1.2772285902070426,-2.700921452070753,1.7391148965731444,-0.0,1576658849242189884
-0.0,1.2764834688725373,-2.7034190182303566,1.7431856926876548,-0.0,1576658849252212047
-0.0,1.2757786243669242,-2.7059008764266927,1.7471679932344586,-0.0,1576658849262201070
-0.0,1.2750939182757572,-2.7083670266597606,1.7510617982135561,-0.0,1576658849272212982
-0.0,1.2744494890134825,-2.7108017609662927,1.75484498373302,-0.0,1576658849282207965
-0.0,1.2738453365800997,-2.713205079346289,1.75851754979285,-0.0,1576658849292206048
-0.0,1.2732713917683862,-2.7155769817997495,1.762079496393047,-0.0,1576658849302216053
-0.0,1.272737723785565,-2.717917468326674,1.7655308235336107,-0.0,1576658849312211990
-0.0,1.2722342634244128,-2.720195123000526,1.7688936551064671,-0.0,1576658849322211027
-0.0,1.2717610106849295,-2.722457069711111,1.7721237433277637,-0.0,1576658849332207918
-0.0,1.2713280347743388,-2.7246561845686235,1.7752210881975,-0.0,1576658849342216968
-0.0,1.270925266485417,-2.726792467573065,1.778207813607603,-0.0,1576658849352205991
-0.0,1.2705527058181643,-2.728881626687702,1.7810839195580725,-0.0,1576658849362200021
-0.0,1.2702103527725808,-2.7309079539492673,1.783827282156982,-0.0,1576658849372203111
-0.0,1.2699183457631125,-2.732887157321029,1.7864379014043312,-0.0,1576658849382213115
-0.0,1.2696364079608673,-2.7347878208764507,1.788937901192047,-0.0,1576658849392206907
-0.0,1.269384677780291,-2.7366099446155325,1.7913051576282029,-0.0,1576658849402208089
-0.0,1.2691732244286074,-2.7383692365015433,1.7935396707127984,-0.0,1576658849412198066
-0.0,1.2689819094913695,-2.740065696534481,1.7956635643377603,-0.0,1576658849422208070
-0.0,1.2688107329685776,-2.7416679087878126,1.7976547146111626,-0.0,1576658849432224035
-0.0,1.2686697640674551,-2.7431915812248033,1.7995131215330042,-0.0,1576658849442208051
-0.0,1.2685590027880016,-2.744636713845455,1.8012387851032858,-0.0,1576658849452176094
-0.0,1.2684583107157712,-2.7460033066497664,1.8028538292139342,-0.0,1576658849462210893
-0.0,1.2683777570579868,-2.74727565167447,1.804336129973022,-0.0,1576658849472182989
-0.0,1.2683173418146485,-2.748453748919567,1.8056856873805507,-0.0,1576658849482209920
-0.0,1.2682770649857564,-2.749553306348323,1.806924625328445,-0.0,1576658849492212057
-0.0,1.2682468573640873,-2.7505586159974715,1.8080529438167061,-0.0,1576658849502209901
-0.0,1.268226718949641,-2.7514696778670125,1.809048518953407,-0.0,1576658849512217044
-0.0,1.268216649742418,-2.752286491956946,1.8099334746304747,-0.0,1576658849522211074
-0.0,1.268226718949641,-2.7530090582672715,1.810685686955982,-0.0,1576658849532207012
-0.0,1.268226718949641,-2.7536373767979896,1.8113494037137827,-0.0,1576658849542210102
-0.0,1.2682468573640873,-2.754155739585832,1.8119025010119496,-0.0,1576658849552207946
-0.0,1.2682569265713102,-2.7545955625573346,1.8123228549585568,-0.0,1576658849562218904
-0.0,1.2682770649857564,-2.754925429785961,1.8126768372293842,-0.0,1576658849572180032
-0.0,1.2682871341929793,-2.7551767571982486,1.8128980761486508,-0.0,1576658849582180023
-0.0,1.2682972034002025,-2.75531812886766,1.8130529433921379,-0.0,1576658849592211961
-0.0,1.2682972034002025,-2.755365252757464,1.813097191175991,-0.0,1576658849602229118
-0.0,1.2682972034002025,-2.75531812886766,1.8130529433921379,-0.0,1576658849612211942
-0.0,1.2682770649857564,-2.7551767571982486,1.8129202000405777,-0.0,1576658849622198104
-0.0,1.2682569265713102,-2.754941137749229,1.8126989611213105,-0.0,1576658849632210016
-0.0,1.268216649742418,-2.7546112705206025,1.8124113505262638,-0.0,1576658849642179965
-0.0,1.2681562344990798,-2.7541871555123674,1.8120352443635102,-0.0,1576658849652204990
-0.0,1.2680857500485183,-2.7536845006877932,1.8115927665249763,-0.0,1576658849662204980
-0.0,1.267995127183511,-2.7530875980836114,1.8110839170106625,-0.0,1576658849672204017
-0.0,1.2678843659040575,-2.7524121556630896,1.8105086958205683,-0.0,1576658849682173013
-0.0,1.267753466210158,-2.75164246546296,1.8098892268466211,-0.0,1576658849692207098
-0.0,1.2676024281018123,-2.750794235446491,1.8092033861968937,-0.0,1576658849702209949
-0.0,1.2674211823717976,-2.749867465613682,1.8084511738713864,-0.0,1576658849712176084
-0.0,1.2672197982273368,-2.7488621559645328,1.8076768376539523,-0.0,1576658849722209930
-0.0,1.2669982756684297,-2.7477783064990446,1.806836129760738,-0.0,1576658849732208967
-0.0,1.2667364762806306,-2.746631625180484,1.805951174083671,-0.0,1576658849742209911
-0.0,1.2664545384783854,-2.745406404045584,1.8050440945146762,-0.0,1576658849752208948
-0.0,1.266142393054471,-2.7441340590208805,1.804092767161829,-0.0,1576658849762240886
-0.0,1.2658000400088874,-2.7427831741798365,1.8031193159170544,-0.0,1576658849772208929
-0.0,1.265437548548858,-2.7413694574857215,1.8021016168884267,-0.0,1576658849782140970
-0.0,1.2650448494671591,-2.739892908938534,1.8010839178597993,-0.0,1576658849792238950
-0.0,1.2646118735565681,-2.738384944464811,1.8000219710473182,-0.0,1576658849802206039
-0.0,1.2641688284387542,-2.7368141481380164,1.7989600242348371,-0.0,1576658849812202930
-0.0,1.263685506492048,-2.7351962279214175,1.7978759535304292,-0.0,1576658849822208881
-0.0,1.263171976923673,-2.733546891778283,1.796769758934095,-0.0,1576658849832220077
-0.0,1.2626383089408515,-2.731834723782076,1.7956635643377603,-0.0,1576658849842206954
-0.0,1.2620744333363612,-2.730106847822602,1.794557369741426,-0.0,1576658849852171897
-0.0,1.2614803501102017,-2.7283475559365917,1.7934290512531648,-0.0,1576658849862207889
-0.0,1.260866128469596,-2.7265568481240456,1.7923228566568306,-0.0,1576658849872203111
-0.0,1.260221699207321,-2.7247347243849633,1.7911945381685694,-0.0,1576658849882216930
-0.0,1.2595672007378231,-2.7228811847193453,1.790066219680308,-0.0,1576658849892205953
-0.0,1.2588824946466561,-2.7210276450537276,1.788960025083974,-0.0,1576658849902208089
-0.0,1.258187719348266,-2.7191583974248417,1.7878538304876392,-0.0,1576658849912173032
-0.0,1.2574526672209838,-2.717273441832688,1.7867697597832317,-0.0,1576658849922209024
-0.0,1.2567176150937016,-2.7153884862405335,1.7856856890788237,-0.0,1576658849932207107
-0.0,1.25595235534475,-2.7134878226851122,1.784601618374416,-0.0,1576658849942204952
-0.0,1.2551870955957989,-2.7116028670929584,1.783539671561935,-0.0,1576658849952207088
-0.0,1.2544016974324015,-2.709717911500804,1.7824998486413806,-0.0,1576658849962204933
-0.0,1.253606230061781,-2.7078329559086503,1.7814600257208262,-0.0,1576658849972206115
-0.0,1.2528006934839373,-2.705979416243032,1.7804423266921985,-0.0,1576658849982204914
-0.0,1.2519850876988707,-2.7041258765774145,1.7794467515554977,-0.0,1576658849992203950
-0.0,1.2511694819138044,-2.7022880448750644,1.7784733003107231,-0.0,1576658850002202033
-0.0,1.2503438069215145,-2.7004816290992504,1.7775219729578755,-0.0,1576658850012202978
-0.0,1.249528201136448,-2.698706629249972,1.776570645605028,-0.0,1576658850022202968
-0.0,1.2487025261441584,-2.696947337363962,1.775663566036034,-0.0,1576658850032200098
-0.0,1.2478869203590917,-2.6952194614044873,1.7747564864670393,-0.0,1576658850042206048
-0.0,1.2470612453668022,-2.693523001371549,1.773893654681899,-0.0,1576658850052172899
-0.0,1.2462557087889585,-2.6918736652284143,1.7730529467886846,-0.0,1576658850062206983
-0.0,1.245450172211115,-2.6902557450118154,1.7722122388954704,-0.0,1576658850072206974
-0.0,1.2446647740477177,-2.6886849486850206,1.7714157787861096,-0.0,1576658850082206010
-0.0,1.24387937588432,-2.687145568284761,1.7706193186767487,-0.0,1576658850092205047
-0.0,1.2431141161353687,-2.685669019737574,1.7698671063512414,-0.0,1576658850102207899
-0.0,1.2423689948008636,-2.6842395950801907,1.7691370179176606,-0.0,1576658850112210988
-0.0,1.2416339426735814,-2.6828572943126114,1.7684069294840798,-0.0,1576658850122215032
-0.0,1.2409190289607452,-2.6815378253981037,1.7677210888343526,-0.0,1576658850132194042
-0.0,1.2402242536623551,-2.6802497724101317,1.767057372076552,-0.0,1576658850142208099
-0.0,1.2395596859856344,-2.6790245512752318,1.766393655318751,-0.0,1576658850152205944
-0.0,1.2389152567233594,-2.677877869956672,1.7657741863448038,-0.0,1576658850162204980
-0.0,1.2382909658755306,-2.676762604564647,1.7651547173708566,-0.0,1576658850172199010
-0.0,1.237706951856594,-2.675725878988963,1.7645794961807628,-0.0,1576658850182205915
-0.0,1.2371430762521036,-2.674736277303082,1.7640042749906688,-0.0,1576658850192209959
-0.0,1.2365993390620593,-2.673809507470273,1.7634733015844286,-0.0,1576658850202188014
-0.0,1.23610594790813,-2.6729455694905355,1.7629423281781877,-0.0,1576658850212208032
-0.0,1.235632695168647,-2.6721444633638707,1.762433478663874,-0.0,1576658850222209930
-0.0,1.235189650050833,-2.671406189090277,1.76192462914956,-0.0,1576658850232217073
-0.0,1.2347868817619112,-2.670746454633023,1.7614600274190997,-0.0,1576658850242202043
-0.0,1.2344042518874356,-2.670118136102305,1.760995425688639,-0.0,1576658850252202033
-0.0,1.234071968049075,-2.6695683573879267,1.7605529478501052,-0.0,1576658850262204885
-0.0,1.233759822625161,-2.6690657025633526,1.7601325939034984,-0.0,1576658850272216081
-0.0,1.2334879540301387,-2.6686258795918496,1.759734363848818,-0.0,1576658850282212972
-0.0,1.2332563622640085,-2.668264596436687,1.7593361337941376,-0.0,1576658850292207956
-0.0,1.2330549781195477,-2.66793472920806,1.7589379037394572,-0.0,1576658850302200078
-0.0,1.232883801596756,-2.667667693832505,1.7585839214686303,-0.0,1576658850312201023
-0.0,1.2327428326956333,-2.6674634903100216,1.758229939197803,-0.0,1576658850322207927
-0.0,1.232642140623403,-2.6673064106773423,1.7578759569269764,-0.0,1576658850332205057
-0.0,1.2325716561728415,-2.6671964549344667,1.757544098548076,-0.0,1576658850342211008
-0.0,1.2325313793439494,-2.6671336230813942,1.7572343640611021,-0.0,1576658850352206945
-0.0,1.2325213101367263,-2.6671179151181272,1.7569246295741283,-0.0,1576658850362210035
-0.0,1.2325313793439494,-2.6671336230813942,1.7566370189790816,-0.0,1576658850372210979
-0.0,1.2325817253800646,-2.6671964549344667,1.7563494083840345,-0.0,1576658850382214069
-0.0,1.2326522098306258,-2.6673064106773423,1.7560839216809143,-0.0,1576658850392218112
-0.0,1.2327428326956333,-2.6674477823467537,1.755818434977794,-0.0,1576658850402204990
-0.0,1.2328636631823098,-2.6676048619794326,1.7555750721666006,-0.0,1576658850412208080
-0.0,1.2329945628762093,-2.6677933575386485,1.7553317093554066,-0.0,1576658850422177076
-0.0,1.2331456009845552,-2.6680132690244,1.755088346544213,-0.0,1576658850432207107
-0.0,1.2333167775073468,-2.668264596436687,1.7548671076249462,-0.0,1576658850442207098
-0.0,1.2334980232373616,-2.6685159238489744,1.7546679925976063,-0.0,1576658850452178001
-0.0,1.2336893381745995,-2.6687829592245293,1.7544688775702664,-0.0,1576658850462204933
-0.0,1.2338907223190603,-2.6690657025633526,1.754269762542926,-0.0,1576658850472202062
-0.0,1.2340921064635213,-2.6693641538654433,1.7540927714075123,-0.0,1576658850482209920
-0.0,1.234293490607982,-2.6696468972042666,1.7539379041640257,-0.0,1576658850492219924
-0.0,1.234504943959666,-2.66992964054309,1.7537830369205385,-0.0,1576658850502207994
-0.0,1.2347063281041268,-2.670212383881913,1.7536502935689786,-0.0,1576658850512202024
-0.0,1.234897643041365,-2.6704637112942002,1.7535175502174185,-0.0,1576658850522206068
-0.0,1.2350788887713797,-2.670715038706487,1.7534069307577849,-0.0,1576658850532202959
-0.0,1.2352399960869482,-2.6709506581555065,1.7532963112981514,-0.0,1576658850542210102
-0.0,1.235401103402517,-2.6711548616779894,1.753207815730445,-0.0,1576658850552181005
-0.0,1.2355320030964165,-2.6713276492739375,1.7531414440546649,-0.0,1576658850562203884
-0.0,1.23564276437587,-2.6714847289066164,1.7530750723788846,-0.0,1576658850572208881
-0.0,1.2357233180336544,-2.671594684649492,1.7530308245950312,-0.0,1576658850582207918
-0.0,1.2357736640697696,-2.671657516502564,1.7530087007031048,-0.0,1576658850592215061
-0.0,1.2357938024842157,-2.671673224465832,1.7530087007031048,-0.0,1576658850602209091
-0.0,1.2357736640697696,-2.671657516502564,1.7530087007031048,-0.0,1576658850612185955
-0.0,1.2357132488264313,-2.671578976686224,1.7530308245950312,-0.0,1576658850622210025
-0.0,1.235612556754201,-2.6714533129800806,1.7530750723788846,-0.0,1576658850632211923
-0.0,1.2354615186458553,-2.671249109457597,1.7531414440546649,-0.0,1576658850642209053
-0.0,1.2352702037086174,-2.67099778204531,1.7532299396223714,-0.0,1576658850652200937
-0.0,1.2350285427352643,-2.670683622779951,1.753340559082005,-0.0,1576658850662204980
-0.0,1.2347264665185729,-2.6703066316615205,1.7534733024335651,-0.0,1576658850672204971
-0.0,1.2343740442657665,-2.669835392763482,1.7536060457851252,-0.0,1576658850682244062
-0.0,1.2339612067696217,-2.6693170299756397,1.7537830369205385,-0.0,1576658850692213058
-0.0,1.2334980232373616,-2.6687201273714574,1.7539821519478789,-0.0,1576658850702207088
-0.0,1.2329643552545404,-2.6680446849509356,1.7542033908671457,-0.0,1576658850712192058
-0.0,1.2323702720283807,-2.667274994750806,1.7544246297864128,-0.0,1576658850722206115
-0.0,1.2317157735588828,-2.666458180660873,1.754690116489533,-0.0,1576658850732202053
-0.0,1.2309907906388236,-2.6655471187913315,1.75497772708458,-0.0,1576658850742208957
-0.0,1.2302053924754262,-2.6645575171054507,1.7552653376796268,-0.0,1576658850752204895
-0.0,1.2293595790686904,-2.6634736676399626,1.7555971960585273,-0.0,1576658850762209892
-0.0,1.2284432812113935,-2.662326986321402,1.7559511783293542,-0.0,1576658850772212028
-0.0,1.2274665681107582,-2.661101765186502,1.7563272844921078,-0.0,1576658850782212018
-0.0,1.2264193705595616,-2.6597980042352627,1.7567255145467882,-0.0,1576658850792196989
-0.0,1.2253117577650268,-2.658399995504415,1.7571458684933954,-0.0,1576658850802207946
-0.0,1.2241437297271536,-2.656923446957228,1.7575662224400022,-0.0,1576658850812206029
-0.0,1.2229052172387191,-2.6553840665569686,1.7580308241704627,-0.0,1576658850822206974
-0.0,1.2216062895069464,-2.653781854303638,1.75851754979285,-0.0,1576658850832209110
-0.0,1.2202469465318355,-2.6520853942706992,1.7590263993071638,-0.0,1576658850842214107
-0.0,1.2188372575206092,-2.650326102384689,1.759535248821478,-0.0,1576658850852215051
-0.0,1.2173671532660448,-2.6485039786456075,1.7600662222277186,-0.0,1576658850862205028
-0.0,1.215836633768142,-2.646619023053453,1.7606193195258855,-0.0,1576658850872178077
-0.0,1.2142557682341242,-2.644671235608228,1.7611945407159795,-0.0,1576658850882193088
-0.0,1.212624556663991,-2.64266061630993,1.761791885798,-0.0,1576658850892203092
-0.0,1.2109530682649656,-2.6405871651585606,1.7623892308800204,-0.0,1576658850902203083
-0.0,1.209231233829825,-2.638482298080656,1.763008699853968,-0.0,1576658850912201881
-0.0,1.2074691225657923,-2.636314599149679,1.7636502927198419,-0.0,1576658850922199964
-0.0,1.2056667344728673,-2.634099776328898,1.7642918855857157,-0.0,1576658850932209968
-0.0,1.2038341387582734,-2.6318535375815815,1.7649334784515898,-0.0,1576658850942198991
-0.0,1.2019612662147872,-2.6295601749444604,1.7655971952093905,-0.0,1576658850952203989
-0.0,1.2000581860496318,-2.6272353963808044,1.766283035859118,-0.0,1576658850962203025
-0.0,1.1981349674700303,-2.6248792018906117,1.7669467526169182,-0.0,1576658850972201108
-0.0,1.1961916104759827,-2.6225072994371517,1.7676325932666461,-0.0,1576658850982208967
-0.0,1.1942281150674894,-2.6201196890204232,1.7683405578083,-0.0,1576658850992233037
-0.0,1.1922545504517725,-2.617700662677159,1.769026398458027,-0.0,1576658851002213001
-0.0,1.1902608474216096,-2.6152816363338953,1.7697343629996816,-0.0,1576658851012207984
-0.0,1.1882671443914472,-2.612846902027363,1.7704202036494086,-0.0,1576658851022203922
-0.0,1.1862633721540612,-2.610427875684099,1.771128168191063,-0.0,1576658851032208919
-0.0,1.1842696691238985,-2.607993141377567,1.7718140088407899,-0.0,1576658851042207002
-0.0,1.1822759660937359,-2.605574115034303,1.772521973382444,-0.0,1576658851052206993
-0.0,1.180282263063573,-2.603170796654307,1.7732078140321712,-0.0,1576658851062211990
-0.0,1.1783086984478564,-2.600783186237578,1.773893654681899,-0.0,1576658851072218894
-0.0,1.1763452030393626,-2.5984112837841176,1.774579495331626,-0.0,1576658851082205057
-0.0,1.174411915252538,-2.596055089293926,1.7752432120894268,-0.0,1576658851092215061
-0.0,1.1724886966729366,-2.593746018693537,1.7759069288472273,-0.0,1576658851102212905
-0.0,1.1705956857150044,-2.5914526560564166,1.776570645605028,-0.0,1576658851112185955
-0.0,1.168732882378741,-2.5892064173091,1.7772122384709017,-0.0,1576658851122174978
-0.0,1.1669002866641474,-2.5870073024515867,1.777853831336776,-0.0,1576658851132184028
-0.0,1.1651079677784453,-2.58483960352061,1.7784733003107231,-0.0,1576658851142211914
-0.0,1.1633458565144126,-2.5827190284794366,1.779070645392744,-0.0,1576658851152204990
-0.0,1.1616240220792722,-2.5806612852913355,1.7796679904747645,-0.0,1576658851162209987
-0.0,1.1599525336802468,-2.5786349580297703,1.7802432116648585,-0.0,1576658851172209024
-0.0,1.1583313913173368,-2.5766871705845444,1.7807963089630259,-0.0,1576658851182213068
-0.0,1.1567505257833186,-2.5747865070291227,1.7813494062611928,-0.0,1576658851192198038
-0.0,1.1552200062854159,-2.572964383290041,1.7818803796674334,-0.0,1576658851202219963
-0.0,1.1537398328236284,-2.571189383440762,1.7823892291817471,-0.0,1576658851212204933
-0.0,1.1523200746051792,-2.569477215444556,1.7828759548041342,-0.0,1576658851222208023
-0.0,1.1509607316300683,-2.567843587264689,1.7833405565345948,-0.0,1576658851232209920
-0.0,1.1496517346910724,-2.5662727909378944,1.7837830343731285,-0.0,1576658851242213010
-0.0,1.148393083788192,-2.564780534427439,1.7842033883197357,-0.0,1576658851252213001
-0.0,1.1472049173358727,-2.5633511097700556,1.784623742266343,-0.0,1576658851262211084
-0.0,1.1460670969196687,-2.5620002249290126,1.7849998484290965,-0.0,1576658851272206068
-0.0,1.1449997609540261,-2.5607121719410406,1.7853759545918502,-0.0,1576658851282207965
-0.0,1.1439827710244985,-2.5595026587694085,1.7857299368626773,-0.0,1576658851292205095
-0.0,1.1430261963383095,-2.5583716854141163,1.7860396713496507,-0.0,1576658851302206039
-0.0,1.1421401061026815,-2.5573035439118956,1.7863494058366245,-0.0,1576658851312218904
-0.0,1.1413043619031689,-2.556313942226015,1.7866370164316716,-0.0,1576658851322206020
-0.0,1.1405290329469944,-2.555387172393206,1.7869025031347918,-0.0,1576658851332205057
-0.0,1.1398141192341582,-2.5545389423767366,1.7871458659459853,-0.0,1576658851342175960
-0.0,1.1391495515574375,-2.553737836250071,1.7873671048652522,-0.0,1576658851352202892
-0.0,1.1385453991240548,-2.5530152699397455,1.7875662198925926,-0.0,1576658851362193107
-0.0,1.1379915927267872,-2.55237124344576,1.7877653349199325,-0.0,1576658851372205972
-0.0,1.1374881323656352,-2.551774340841577,1.7879423260553462,-0.0,1576658851382216930
-0.0,1.137035018040598,-2.5512245621271994,1.7880971932988328,-0.0,1576658851392210960
-0.0,1.1366322497516763,-2.550753323229161,1.7882299366503929,-0.0,1576658851402209997
-0.0,1.1362697582916468,-2.5503292082209263,1.7883405561100263,-0.0,1576658851412209987
-0.0,1.1359576128677322,-2.5499522171024953,1.7884511755696597,-0.0,1576658851422209978
-0.0,1.135675675065487,-2.5496223498738684,1.7885396711373667,-0.0,1576658851432234048
-0.0,1.135434014092134,-2.549339606535045,1.7886281667050734,-0.0,1576658851442205905
-0.0,1.1352326299476732,-2.549088279122758,1.7886945383808535,-0.0,1576658851452208995
-0.0,1.1350614534248815,-2.548884075600275,1.7887609100566335,-0.0,1576658851462203979
-0.0,1.1349204845237588,-2.5487269959675953,1.7888051578404869,-0.0,1576658851472206115
-0.0,1.1347996540370824,-2.5485856242981835,1.78884940562434,-0.0,1576658851482206106
-0.0,1.1347090311720749,-2.5484756685553083,1.788871529516267,-0.0,1576658851492211103
-0.0,1.1346385467215134,-2.5483814207757005,1.7889157773001203,-0.0,1576658851502207040
-0.0,1.1345781314781753,-2.5483185889226285,1.7889157773001203,-0.0,1576658851512213945
-0.0,1.1345378546492833,-2.548271465032825,1.788937901192047,-0.0,1576658851522217035
-0.0,1.134507647027614,-2.548240049106289,1.788937901192047,-0.0,1576658851532211065
-0.0,1.1344875086131678,-2.548208633179753,1.788960025083974,-0.0,1576658851542210102
-0.0,1.134477439405945,-2.548192925216485,1.788960025083974,-0.0,1576658851552210092
-0.0,1.1344673701987218,-2.548192925216485,1.788960025083974,-0.0,1576658851562211990
-0.0,1.1344673701987218,-2.5481772172532176,1.788960025083974,-0.0,1576658851572211027
-0.0,1.1344673701987218,-2.5481772172532176,1.788960025083974,-0.0,1576658851582210063
-0.0,1.1344673701987218,-2.5481772172532176,1.788960025083974,-0.0,1576658851592242956
