arm_joint_1.vel,arm_joint_2.vel,arm_joint_3.vel,arm_joint_4.vel,arm_joint_5.vel,time_stamp
-0.0,-0.0,0.0,-0.0,-0.0,1576658841601912975
-0.0,-0.0,0.0,-0.0,-0.0,1576658841602152109
-0.0,-0.0,0.0,-0.0,-0.0,1576658841612198114
-0.0,-0.0,0.0,-0.0,-0.0,1576658841622220039
-0.0,-0.0,0.0,-0.0,-0.0,1576658841632210969
-0.0,-0.0,0.0,-0.0,-0.0,1576658841642210006
-0.0,-0.0,0.0,-0.0,-0.0,1576658841652205944
-0.0,-0.0,0.0,-0.0,-0.0,1576658841662214994
-0.0,0.010069207223044208,0.0,-0.0,-0.0,1576658841672220945
-0.0,-0.010069207223044208,0.0,-0.022123891926688684,-0.0,1576658841682208061
-0.0,-0.0,0.0,-0.022123891926688684,-0.0,1576658841692209005
-0.0,0.020138414446088417,0.0,-0.0,-0.0,1576658841702198982
-0.0,0.010069207223044208,0.0,-0.0,-0.0,1576658841712207078
-0.0,0.030207621669132628,0.0,-0.022123891926688684,-0.0,1576658841722204923
-0.0,-0.0,0.015707963267948967,-0.04424778385337737,-0.0,1576658841732206106
-0.0,0.020138414446088417,0.0,-0.022123891926688684,-0.0,1576658841742209911
-0.0,0.020138414446088417,0.031415926535897934,-0.0,-0.0,1576658841752207994
-0.0,0.010069207223044208,-0.015707963267948967,-0.04424778385337737,-0.0,1576658841762212038
-0.0,0.05034603611522104,0.031415926535897934,-0.08849556770675474,-0.0,1576658841772208929
-0.0,0.030207621669132628,0.0,-0.08849556770675474,-0.0,1576658841782203912
-0.0,0.04027682889217683,0.031415926535897934,-0.06637167578006604,-0.0,1576658841792215108
-0.0,0.04027682889217683,0.0,-0.04424778385337737,-0.0,1576658841802213907
-0.0,0.05034603611522104,0.031415926535897934,-0.06637167578006604,-0.0,1576658841812208890
-0.0,0.04027682889217683,0.0,-0.1327433515601321,-0.0,1576658841822206974
-0.0,0.07048445056130946,0.031415926535897934,-0.1327433515601321,-0.0,1576658841832209110
-0.0,0.05034603611522104,0.031415926535897934,-0.06637167578006604,-0.0,1576658841842219114
-0.0,0.10069207223044208,0.031415926535897934,-0.04424778385337737,-0.0,1576658841852205991
-0.0,0.060415243338265257,0.031415926535897934,-0.08849556770675474,-0.0,1576658841862175941
-0.0,0.08055365778435367,0.031415926535897934,-0.19911502734019815,-0.0,1576658841872205018
-0.0,0.09062286500739787,0.047123889803846894,-0.22123891926688685,-0.0,1576658841882208108
-0.0,0.14096890112261892,0.031415926535897934,-0.22123891926688685,-0.0,1576658841892209053
-0.0,0.08055365778435367,0.031415926535897934,-0.19911502734019815,-0.0,1576658841902205944
-0.0,0.1308996938995747,0.047123889803846894,-0.22123891926688685,-0.0,1576658841912205934
-0.0,0.1308996938995747,0.031415926535897934,-0.17699113541350947,-0.0,1576658841922174930
-0.0,0.1510381083456631,0.047123889803846894,-0.1548672434868208,-0.0,1576658841932205915
-0.0,0.12083048667653051,0.031415926535897934,-0.19911502734019815,-0.0,1576658841942209005
-0.0,0.07048445056130946,0.047123889803846894,-0.3097344869736416,-0.0,1576658841952208042
-0.0,0.21145335168392837,0.06283185307179587,-0.33185837890033026,-0.0,1576658841962208986
-0.0,0.19131493723783996,0.015707963267948967,-0.2876105950469529,-0.0,1576658841972208023
-0.0,0.16110731556870733,0.06283185307179587,-0.24336281119357556,-0.0,1576658841982206106
-0.0,0.20138414446088415,0.09424777960769379,-0.2654867031202642,-0.0,1576658841992204904
-0.0,0.17117652279175155,0.031415926535897934,-0.33185837890033026,-0.0,1576658842002202987
-0.0,0.18124573001479574,0.06283185307179587,-0.35398227082701894,-0.0,1576658842012207031
-0.0,0.2215225589069726,0.06283185307179587,-0.33185837890033026,-0.0,1576658842022206068
-0.0,0.21145335168392837,0.047123889803846894,-0.3982300546803963,-0.0,1576658842032187938
-0.0,0.20138414446088415,0.06283185307179587,-0.3761061627537077,-0.0,1576658842042210102
-0.0,0.18124573001479574,0.047123889803846894,-0.35398227082701894,-0.0,1576658842052206993
-0.0,0.2215225589069726,0.06283185307179587,-0.3982300546803963,-0.0,1576658842062206029
-0.0,0.2517301805761052,0.09424777960769379,-0.3982300546803963,-0.0,1576658842072204113
-0.0,0.24166097335306103,0.031415926535897934,-0.420353946607085,-0.0,1576658842082207918
-0.0,0.24166097335306103,0.10995574287564278,-0.4646017304604624,-0.0,1576658842092192888
-0.0,0.2215225589069726,0.06283185307179587,-0.420353946607085,-0.0,1576658842102205038
-0.0,0.2617993877991494,0.06283185307179587,-0.4424778385337737,-0.0,1576658842112205028
-0.0,0.2517301805761052,0.09424777960769379,-0.4646017304604624,-0.0,1576658842122205018
-0.0,0.2517301805761052,0.06283185307179587,-0.4646017304604624,-0.0,1576658842132208108
-0.0,0.28193780224523785,0.06283185307179587,-0.4867256223871511,-0.0,1576658842142204999
-0.0,0.2617993877991494,0.06283185307179587,-0.4646017304604624,-0.0,1576658842152204990
-0.0,0.29200700946828206,0.06283185307179587,-0.4867256223871511,-0.0,1576658842162197113
-0.0,0.28193780224523785,0.12566370614359174,-0.4646017304604624,-0.0,1576658842172218084
-0.0,0.2718685950221936,0.047123889803846894,-0.4867256223871511,-0.0,1576658842182214021
-0.0,0.2718685950221936,0.10995574287564278,-0.4867256223871511,-0.0,1576658842192209005
-0.0,0.2215225589069726,0.06283185307179587,-0.4867256223871511,-0.0,1576658842202209949
-0.0,0.28193780224523785,0.06283185307179587,-0.5309734062405284,-0.0,1576658842212213039
-0.0,0.2617993877991494,0.10995574287564278,-0.4646017304604624,-0.0,1576658842222210884
-0.0,0.28193780224523785,0.06283185307179587,-0.5088495143138397,-0.0,1576658842232215881
-0.0,0.2718685950221936,0.07853981633974483,-0.5088495143138397,-0.0,1576658842242208957
-0.0,0.2617993877991494,0.06283185307179587,-0.5088495143138397,-0.0,1576658842252203941
-0.0,0.28193780224523785,0.06283185307179587,-0.5088495143138397,-0.0,1576658842262212038
-0.0,0.24166097335306103,0.10995574287564278,-0.420353946607085,-0.0,1576658842272218942
-0.0,0.29200700946828206,0.06283185307179587,-0.4646017304604624,-0.0,1576658842282213926
-0.0,0.28193780224523785,0.06283185307179587,-0.4867256223871511,-0.0,1576658842292207002
-0.0,0.2215225589069726,0.07853981633974483,-0.4867256223871511,-0.0,1576658842302212953
-0.0,0.2617993877991494,0.07853981633974483,-0.4646017304604624,-0.0,1576658842312213897
-0.0,0.29200700946828206,0.07853981633974483,-0.4646017304604624,-0.0,1576658842322210073
-0.0,0.2517301805761052,0.06283185307179587,-0.4424778385337737,-0.0,1576658842332228899
-0.0,0.2315917661300168,0.07853981633974483,-0.4424778385337737,-0.0,1576658842342211008
-0.0,0.2215225589069726,0.06283185307179587,-0.4424778385337737,-0.0,1576658842352200984
-0.0,0.2617993877991494,0.06283185307179587,-0.420353946607085,-0.0,1576658842362210988
-0.0,0.2215225589069726,0.06283185307179587,-0.420353946607085,-0.0,1576658842372215986
-0.0,0.18124573001479574,0.06283185307179587,-0.3982300546803963,-0.0,1576658842382213115
-0.0,0.2315917661300168,0.047123889803846894,-0.3761061627537077,-0.0,1576658842392213106
-0.0,0.21145335168392837,0.047123889803846894,-0.420353946607085,-0.0,1576658842402214050
-0.0,0.20138414446088415,0.06283185307179587,-0.35398227082701894,-0.0,1576658842412209987
-0.0,0.14096890112261892,0.06283185307179587,-0.33185837890033026,-0.0,1576658842422173976
-0.0,0.2215225589069726,0.06283185307179587,-0.33185837890033026,-0.0,1576658842432208061
-0.0,0.17117652279175155,0.047123889803846894,-0.2876105950469529,-0.0,1576658842442213058
-0.0,0.09062286500739787,0.047123889803846894,-0.2876105950469529,-0.0,1576658842452203989
-0.0,0.18124573001479574,0.06283185307179587,-0.3097344869736416,-0.0,1576658842462219953
-0.0,0.16110731556870733,0.031415926535897934,-0.2876105950469529,-0.0,1576658842472219944
-0.0,0.1308996938995747,0.047123889803846894,-0.24336281119357556,-0.0,1576658842482203960
-0.0,0.08055365778435367,0.06283185307179587,-0.22123891926688685,-0.0,1576658842492204904
-0.0,0.14096890112261892,0.015707963267948967,-0.17699113541350947,-0.0,1576658842502207994
-0.0,0.08055365778435367,0.015707963267948967,-0.22123891926688685,-0.0,1576658842512204885
-0.0,0.060415243338265257,0.031415926535897934,-0.1548672434868208,-0.0,1576658842522173881
-0.0,0.1107612794534863,0.015707963267948967,-0.04424778385337737,-0.0,1576658842532205104
-0.0,0.05034603611522104,0.031415926535897934,-0.06637167578006604,-0.0,1576658842542210102
-0.0,0.04027682889217683,0.015707963267948967,-0.1548672434868208,-0.0,1576658842552203893
-0.0,0.060415243338265257,0.031415926535897934,-0.1548672434868208,-0.0,1576658842562203884
-0.0,0.04027682889217683,0.0,-0.11061945963344343,-0.0,1576658842572204113
-0.0,0.030207621669132628,0.015707963267948967,-0.022123891926688684,-0.0,1576658842582202911
-0.0,-0.0,0.0,0.04424778385337737,-0.0,1576658842592204093
-0.0,0.010069207223044208,0.0,-0.022123891926688684,-0.0,1576658842602174997
-0.0,-0.0,0.0,-0.06637167578006604,-0.0,1576658842612204074
-0.0,-0.030207621669132628,0.0,-0.022123891926688684,-0.0,1576658842622203111
-0.0,-0.010069207223044208,0.0,0.06637167578006604,-0.0,1576658842632200956
-0.0,-0.04027682889217683,-0.031415926535897934,0.11061945963344343,-0.0,1576658842642200946
-0.0,-0.030207621669132628,0.0,0.08849556770675474,-0.0,1576658842652204036
-0.0,-0.07048445056130946,-0.031415926535897934,0.06637167578006604,-0.0,1576658842662204027
-0.0,-0.030207621669132628,-0.015707963267948967,0.11061945963344343,-0.0,1576658842672194957
-0.0,-0.09062286500739787,-0.015707963267948967,0.1327433515601321,-0.0,1576658842682173013
-0.0,-0.04027682889217683,-0.047123889803846894,0.1327433515601321,-0.0,1576658842692203998
-0.0,-0.1107612794534863,-0.031415926535897934,0.1548672434868208,-0.0,1576658842702203989
-0.0,-0.060415243338265257,-0.015707963267948967,0.11061945963344343,-0.0,1576658842712203025
-0.0,-0.12083048667653051,-0.06283185307179587,0.11061945963344343,-0.0,1576658842722204923
-0.0,-0.12083048667653051,-0.015707963267948967,0.1548672434868208,-0.0,1576658842732203960
-0.0,-0.05034603611522104,-0.06283185307179587,0.19911502734019815,-0.0,1576658842742208957
-0.0,-0.14096890112261892,-0.047123889803846894,0.22123891926688685,-0.0,1576658842752181053
-0.0,-0.10069207223044208,-0.015707963267948967,0.24336281119357556,-0.0,1576658842762141942
-0.0,-0.1510381083456631,-0.07853981633974483,0.24336281119357556,-0.0,1576658842772171020
-0.0,-0.060415243338265257,-0.047123889803846894,0.22123891926688685,-0.0,1576658842782170057
-0.0,-0.1510381083456631,-0.031415926535897934,0.19911502734019815,-0.0,1576658842792201995
-0.0,-0.16110731556870733,-0.06283185307179587,0.2654867031202642,-0.0,1576658842802211046
-0.0,-0.12083048667653051,-0.015707963267948967,0.3097344869736416,-0.0,1576658842812200069
-0.0,-0.17117652279175155,-0.09424777960769379,0.2876105950469529,-0.0,1576658842822200059
-0.0,-0.16110731556870733,-0.047123889803846894,0.24336281119357556,-0.0,1576658842832191944
-0.0,-0.16110731556870733,-0.031415926535897934,0.2876105950469529,-0.0,1576658842842206001
-0.0,-0.1308996938995747,-0.10995574287564278,0.3097344869736416,-0.0,1576658842852200031
-0.0,-0.16110731556870733,-0.047123889803846894,0.2876105950469529,-0.0,1576658842862201929
-0.0,-0.16110731556870733,-0.047123889803846894,0.2876105950469529,-0.0,1576658842872200012
-0.0,-0.16110731556870733,-0.07853981633974483,0.35398227082701894,-0.0,1576658842882183074
-0.0,-0.1510381083456631,-0.047123889803846894,0.33185837890033026,-0.0,1576658842892215967
-0.0,-0.18124573001479574,-0.12566370614359174,0.2876105950469529,-0.0,1576658842902183055
-0.0,-0.18124573001479574,-0.047123889803846894,0.3097344869736416,-0.0,1576658842912206888
-0.0,-0.1510381083456631,-0.047123889803846894,0.35398227082701894,-0.0,1576658842922211885
-0.0,-0.16110731556870733,-0.10995574287564278,0.35398227082701894,-0.0,1576658842932173013
-0.0,-0.20138414446088415,-0.07853981633974483,0.33185837890033026,-0.0,1576658842942203044
-0.0,-0.17117652279175155,-0.047123889803846894,0.35398227082701894,-0.0,1576658842952200889
-0.0,-0.18124573001479574,-0.12566370614359174,0.3761061627537077,-0.0,1576658842962201118
-0.0,-0.16110731556870733,-0.047123889803846894,0.33185837890033026,-0.0,1576658842972210884
-0.0,-0.18124573001479574,-0.047123889803846894,0.35398227082701894,-0.0,1576658842982172966
-0.0,-0.1510381083456631,-0.10995574287564278,0.3761061627537077,-0.0,1576658842992207050
-0.0,-0.16110731556870733,-0.047123889803846894,0.35398227082701894,-0.0,1576658843002211093
-0.0,-0.16110731556870733,-0.12566370614359174,0.3761061627537077,-0.0,1576658843012209892
-0.0,-0.2215225589069726,-0.06283185307179587,0.3761061627537077,-0.0,1576658843022219896
-0.0,-0.18124573001479574,-0.06283185307179587,0.33185837890033026,-0.0,1576658843032213926
-0.0,-0.16110731556870733,-0.1413716694115407,0.3761061627537077,-0.0,1576658843042221069
-0.0,-0.16110731556870733,-0.047123889803846894,0.3761061627537077,-0.0,1576658843052211999
-0.0,-0.19131493723783996,-0.047123889803846894,0.35398227082701894,-0.0,1576658843062210083
-0.0,-0.20138414446088415,-0.1413716694115407,0.3982300546803963,-0.0,1576658843072210073
-0.0,-0.1308996938995747,-0.06283185307179587,0.3982300546803963,-0.0,1576658843082210063
-0.0,-0.17117652279175155,-0.12566370614359174,0.35398227082701894,-0.0,1576658843092200994
-0.0,-0.18124573001479574,-0.047123889803846894,0.3982300546803963,-0.0,1576658843102188110
-0.0,-0.1510381083456631,-0.12566370614359174,0.35398227082701894,-0.0,1576658843112205982
-0.0,-0.19131493723783996,-0.07853981633974483,0.33185837890033026,-0.0,1576658843122205018
-0.0,-0.1510381083456631,-0.047123889803846894,0.3761061627537077,-0.0,1576658843132221937
-0.0,-0.17117652279175155,-0.12566370614359174,0.3761061627537077,-0.0,1576658843142209053
-0.0,-0.17117652279175155,-0.1413716694115407,0.35398227082701894,-0.0,1576658843152178049
-0.0,-0.17117652279175155,-0.031415926535897934,0.35398227082701894,-0.0,1576658843162173032
-0.0,-0.1308996938995747,-0.10995574287564278,0.3761061627537077,-0.0,1576658843172204971
-0.0,-0.17117652279175155,-0.12566370614359174,0.33185837890033026,-0.0,1576658843182204961
-0.0,-0.1510381083456631,-0.06283185307179587,0.35398227082701894,-0.0,1576658843192209959
-0.0,-0.1510381083456631,-0.12566370614359174,0.3761061627537077,-0.0,1576658843202177047
-0.0,-0.08055365778435367,-0.06283185307179587,0.33185837890033026,-0.0,1576658843212193965
-0.0,-0.20138414446088415,-0.12566370614359174,0.2876105950469529,-0.0,1576658843222213029
-0.0,-0.16110731556870733,-0.06283185307179587,0.35398227082701894,-0.0,1576658843232208967
-0.0,-0.08055365778435367,-0.06283185307179587,0.35398227082701894,-0.0,1576658843242209911
-0.0,-0.16110731556870733,-0.12566370614359174,0.2876105950469529,-0.0,1576658843252207040
-0.0,-0.19131493723783996,-0.06283185307179587,0.33185837890033026,-0.0,1576658843262208938
-0.0,-0.07048445056130946,-0.047123889803846894,0.3097344869736416,-0.0,1576658843272207975
-0.0,-0.18124573001479574,-0.12566370614359174,0.2876105950469529,-0.0,1576658843282179117
-0.0,-0.1510381083456631,-0.06283185307179587,0.3097344869736416,-0.0,1576658843292212963
-0.0,-0.060415243338265257,-0.06283185307179587,0.33185837890033026,-0.0,1576658843302203893
-0.0,-0.18124573001479574,-0.1413716694115407,0.3097344869736416,-0.0,1576658843312210083
-0.0,-0.08055365778435367,-0.047123889803846894,0.2654867031202642,-0.0,1576658843322196960
-0.0,-0.1510381083456631,-0.06283185307179587,0.2654867031202642,-0.0,1576658843332206010
-0.0,-0.1308996938995747,-0.10995574287564278,0.2654867031202642,-0.0,1576658843342209100
-0.0,-0.07048445056130946,-0.047123889803846894,0.2654867031202642,-0.0,1576658843352176904
-0.0,-0.17117652279175155,-0.10995574287564278,0.22123891926688685,-0.0,1576658843362221956
-0.0,-0.05034603611522104,-0.047123889803846894,0.2654867031202642,-0.0,1576658843372210979
-0.0,-0.10069207223044208,-0.047123889803846894,0.2654867031202642,-0.0,1576658843382208108
-0.0,-0.1308996938995747,-0.12566370614359174,0.24336281119357556,-0.0,1576658843392208099
-0.0,-0.05034603611522104,-0.031415926535897934,0.19911502734019815,-0.0,1576658843402204990
-0.0,-0.1308996938995747,-0.047123889803846894,0.17699113541350947,-0.0,1576658843412203073
-0.0,-0.060415243338265257,-0.09424777960769379,0.22123891926688685,-0.0,1576658843422205924
-0.0,-0.07048445056130946,-0.047123889803846894,0.24336281119357556,-0.0,1576658843432204961
-0.0,-0.12083048667653051,-0.047123889803846894,0.17699113541350947,-0.0,1576658843442207098
-0.0,-0.05034603611522104,-0.047123889803846894,0.1548672434868208,-0.0,1576658843452203989
-0.0,-0.04027682889217683,-0.06283185307179587,0.08849556770675474,-0.0,1576658843462203025
-0.0,-0.1107612794534863,-0.06283185307179587,0.1548672434868208,-0.0,1576658843472203969
-0.0,-0.020138414446088417,-0.031415926535897934,0.24336281119357556,-0.0,1576658843482202053
-0.0,-0.030207621669132628,-0.06283185307179587,0.24336281119357556,-0.0,1576658843492206096
-0.0,-0.10069207223044208,-0.047123889803846894,0.08849556770675474,-0.0,1576658843502202987
-0.0,-0.030207621669132628,-0.06283185307179587,-0.022123891926688684,-0.0,1576658843512207984
-0.0,-0.04027682889217683,-0.047123889803846894,0.04424778385337737,-0.0,1576658843522203922
-0.0,-0.05034603611522104,-0.047123889803846894,0.1327433515601321,-0.0,1576658843532202005
-0.0,-0.04027682889217683,-0.015707963267948967,0.19911502734019815,-0.0,1576658843542207956
-0.0,-0.04027682889217683,-0.031415926535897934,0.1548672434868208,-0.0,1576658843552206039
-0.0,-0.020138414446088417,-0.015707963267948967,0.08849556770675474,-0.0,1576658843562191963
-0.0,-0.020138414446088417,-0.031415926535897934,-0.04424778385337737,-0.0,1576658843572213888
-0.0,-0.020138414446088417,-0.015707963267948967,-0.022123891926688684,-0.0,1576658843582179069
-0.0,-0.0,0.0,0.11061945963344343,-0.0,1576658843592211008
-0.0,-0.010069207223044208,0.031415926535897934,0.06637167578006604,-0.0,1576658843602206945
-0.0,0.020138414446088417,-0.015707963267948967,-0.04424778385337737,-0.0,1576658843612205028
-0.0,-0.0,0.031415926535897934,-0.08849556770675474,-0.0,1576658843622210979
-0.0,0.020138414446088417,0.015707963267948967,-0.0,-0.0,1576658843632174968
-0.0,0.010069207223044208,0.031415926535897934,0.022123891926688684,-0.0,1576658843642205953
-0.0,0.020138414446088417,0.031415926535897934,-0.06637167578006604,-0.0,1576658843652209997
-0.0,0.030207621669132628,0.0,-0.11061945963344343,-0.0,1576658843662209987
-0.0,0.04027682889217683,0.06283185307179587,-0.1548672434868208,-0.0,1576658843672204017
-0.0,0.04027682889217683,0.031415926535897934,-0.1327433515601321,-0.0,1576658843682204008
-0.0,0.030207621669132628,0.047123889803846894,-0.08849556770675474,-0.0,1576658843692199945
-0.0,0.08055365778435367,0.047123889803846894,-0.08849556770675474,-0.0,1576658843702207088
-0.0,0.020138414446088417,0.015707963267948967,-0.08849556770675474,-0.0,1576658843712210893
-0.0,0.10069207223044208,0.09424777960769379,-0.1327433515601321,-0.0,1576658843722210884
-0.0,0.04027682889217683,0.047123889803846894,-0.1548672434868208,-0.0,1576658843732189893
-0.0,0.04027682889217683,0.047123889803846894,-0.17699113541350947,-0.0,1576658843742180109
-0.0,0.1308996938995747,0.10995574287564278,-0.19911502734019815,-0.0,1576658843752213001
-0.0,0.030207621669132628,0.031415926535897934,-0.22123891926688685,-0.0,1576658843762237071
-0.0,0.10069207223044208,0.10995574287564278,-0.2654867031202642,-0.0,1576658843772212028
-0.0,0.1107612794534863,0.07853981633974483,-0.24336281119357556,-0.0,1576658843782212972
-0.0,0.04027682889217683,0.10995574287564278,-0.22123891926688685,-0.0,1576658843792213916
-0.0,0.1308996938995747,0.10995574287564278,-0.19911502734019815,-0.0,1576658843802170038
-0.0,0.12083048667653051,0.10995574287564278,-0.2654867031202642,-0.0,1576658843812182903
-0.0,0.060415243338265257,0.10995574287564278,-0.33185837890033026,-0.0,1576658843822212934
-0.0,0.16110731556870733,0.1413716694115407,-0.3097344869736416,-0.0,1576658843832211971
-0.0,0.07048445056130946,0.06283185307179587,-0.2876105950469529,-0.0,1576658843842207908
-0.0,0.12083048667653051,0.1413716694115407,-0.3097344869736416,-0.0,1576658843852205038
-0.0,0.1510381083456631,0.12566370614359174,-0.35398227082701894,-0.0,1576658843862210035
-0.0,0.060415243338265257,0.07853981633974483,-0.35398227082701894,-0.0,1576658843872210979
-0.0,0.17117652279175155,0.17278759594743862,-0.33185837890033026,-0.0,1576658843882205963
-0.0,0.17117652279175155,0.15707963267948966,-0.3761061627537077,-0.0,1576658843892204999
-0.0,0.060415243338265257,0.09424777960769379,-0.3761061627537077,-0.0,1576658843902209997
-0.0,0.18124573001479574,0.18849555921538758,-0.33185837890033026,-0.0,1576658843912230968
-0.0,0.1510381083456631,0.1413716694115407,-0.3761061627537077,-0.0,1576658843922211885
-0.0,0.16110731556870733,0.17278759594743862,-0.3761061627537077,-0.0,1576658843932202100
-0.0,0.16110731556870733,0.17278759594743862,-0.3982300546803963,-0.0,1576658843942203044
-0.0,0.07048445056130946,0.17278759594743862,-0.420353946607085,-0.0,1576658843952202081
-0.0,0.16110731556870733,0.15707963267948966,-0.4424778385337737,-0.0,1576658843962173938
-0.0,0.20138414446088415,0.09424777960769379,-0.4424778385337737,-0.0,1576658843972218990
-0.0,0.08055365778435367,0.20420352248333656,-0.4424778385337737,-0.0,1576658843982204914
-0.0,0.18124573001479574,0.25132741228718347,-0.4646017304604624,-0.0,1576658843992204904
-0.0,0.17117652279175155,0.18849555921538758,-0.4646017304604624,-0.0,1576658844002201080
-0.0,0.17117652279175155,0.15707963267948966,-0.4424778385337737,-0.0,1576658844012208938
-0.0,0.16110731556870733,0.20420352248333656,-0.4646017304604624,-0.0,1576658844022203922
-0.0,0.08055365778435367,0.18849555921538758,-0.4646017304604624,-0.0,1576658844032207965
-0.0,0.20138414446088415,0.18849555921538758,-0.4646017304604624,-0.0,1576658844042208909
-0.0,0.20138414446088415,0.20420352248333656,-0.4867256223871511,-0.0,1576658844052207946
-0.0,0.060415243338265257,0.20420352248333656,-0.4646017304604624,-0.0,1576658844062206983
-0.0,0.20138414446088415,0.25132741228718347,-0.4646017304604624,-0.0,1576658844072213888
-0.0,0.19131493723783996,0.17278759594743862,-0.4646017304604624,-0.0,1576658844082206010
-0.0,0.16110731556870733,0.17278759594743862,-0.4867256223871511,-0.0,1576658844092211008
-0.0,0.07048445056130946,0.18849555921538758,-0.4646017304604624,-0.0,1576658844102209091
-0.0,0.18124573001479574,0.20420352248333656,-0.5088495143138397,-0.0,1576658844112206935
-0.0,0.19131493723783996,0.17278759594743862,-0.4646017304604624,-0.0,1576658844122210979
-0.0,0.060415243338265257,0.21991148575128555,-0.4867256223871511,-0.0,1576658844132184982
-0.0,0.19131493723783996,0.21991148575128555,-0.4646017304604624,-0.0,1576658844142204046
-0.0,0.17117652279175155,0.18849555921538758,-0.5088495143138397,-0.0,1576658844152203083
-0.0,0.10069207223044208,0.18849555921538758,-0.5309734062405284,-0.0,1576658844162205934
-0.0,0.1510381083456631,0.20420352248333656,-0.4867256223871511,-0.0,1576658844172209024
-0.0,0.1510381083456631,0.21991148575128555,-0.4867256223871511,-0.0,1576658844182204008
-0.0,0.14096890112261892,0.18849555921538758,-0.4867256223871511,-0.0,1576658844192208051
-0.0,0.1308996938995747,0.18849555921538758,-0.4424778385337737,-0.0,1576658844202213048
-0.0,0.08055365778435367,0.17278759594743862,-0.4424778385337737,-0.0,1576658844212208032
-0.0,0.18124573001479574,0.20420352248333656,-0.420353946607085,-0.0,1576658844222208976
-0.0,0.1308996938995747,0.20420352248333656,-0.4646017304604624,-0.0,1576658844232208013
-0.0,0.060415243338265257,0.18849555921538758,-0.420353946607085,-0.0,1576658844242177963
-0.0,0.1510381083456631,0.18849555921538758,-0.420353946607085,-0.0,1576658844252207994
-0.0,0.12083048667653051,0.18849555921538758,-0.420353946607085,-0.0,1576658844262212991
-0.0,0.05034603611522104,0.17278759594743862,-0.420353946607085,-0.0,1576658844272209882
-0.0,0.12083048667653051,0.23561944901923448,-0.420353946607085,-0.0,1576658844282217025
-0.0,0.10069207223044208,0.17278759594743862,-0.3761061627537077,-0.0,1576658844292176008
-0.0,0.07048445056130946,0.09424777960769379,-0.3097344869736416,-0.0,1576658844302206993
-0.0,0.1308996938995747,0.20420352248333656,-0.3982300546803963,-0.0,1576658844312206983
-0.0,0.060415243338265257,0.20420352248333656,-0.3761061627537077,-0.0,1576658844322206974
-0.0,0.1107612794534863,0.15707963267948966,-0.35398227082701894,-0.0,1576658844332205057
-0.0,0.04027682889217683,0.09424777960769379,-0.35398227082701894,-0.0,1576658844342200994
-0.0,0.10069207223044208,0.20420352248333656,-0.3097344869736416,-0.0,1576658844352204084
-0.0,0.07048445056130946,0.17278759594743862,-0.3097344869736416,-0.0,1576658844362205982
-0.0,0.030207621669132628,0.07853981633974483,-0.33185837890033026,-0.0,1576658844372201919
-0.0,0.12083048667653051,0.15707963267948966,-0.2876105950469529,-0.0,1576658844382204055
-0.0,0.030207621669132628,0.17278759594743862,-0.2654867031202642,-0.0,1576658844392206907
-0.0,0.04027682889217683,0.07853981633974483,-0.24336281119357556,-0.0,1576658844402204036
-0.0,0.10069207223044208,0.15707963267948966,-0.24336281119357556,-0.0,1576658844412177085
-0.0,0.010069207223044208,0.07853981633974483,-0.22123891926688685,-0.0,1576658844422156095
-0.0,0.05034603611522104,0.15707963267948966,-0.1548672434868208,-0.0,1576658844432202100
-0.0,0.05034603611522104,0.09424777960769379,-0.19911502734019815,-0.0,1576658844442202091
-0.0,0.020138414446088417,0.07853981633974483,-0.24336281119357556,-0.0,1576658844452200889
-0.0,0.04027682889217683,0.12566370614359174,-0.24336281119357556,-0.0,1576658844462202072
-0.0,0.030207621669132628,0.09424777960769379,-0.1327433515601321,-0.0,1576658844472202062
-0.0,0.04027682889217683,0.047123889803846894,-0.04424778385337737,-0.0,1576658844482206106
-0.0,0.010069207223044208,0.10995574287564278,-0.06637167578006604,-0.0,1576658844492218971
-0.0,0.030207621669132628,0.047123889803846894,-0.1327433515601321,-0.0,1576658844502207040
-0.0,0.010069207223044208,0.06283185307179587,-0.19911502734019815,-0.0,1576658844512203931
-0.0,-0.0,0.07853981633974483,-0.17699113541350947,-0.0,1576658844522203922
-0.0,0.04027682889217683,0.047123889803846894,-0.06637167578006604,-0.0,1576658844532207965
-0.0,0.010069207223044208,0.047123889803846894,0.022123891926688684,-0.0,1576658844542210102
-0.0,-0.0,0.031415926535897934,-0.022123891926688684,-0.0,1576658844552206993
-0.0,-0.0,0.047123889803846894,-0.1327433515601321,-0.0,1576658844562208890
-0.0,-0.0,0.031415926535897934,-0.11061945963344343,-0.0,1576658844572206974
-0.0,0.010069207223044208,0.0,0.022123891926688684,-0.0,1576658844582206964
-0.0,-0.0,0.015707963267948967,0.06637167578006604,-0.0,1576658844592211008
-0.0,-0.0,0.0,-0.022123891926688684,-0.0,1576658844602164983
-0.0,-0.0,-0.031415926535897934,-0.06637167578006604,-0.0,1576658844612215042
-0.0,-0.0,0.0,-0.0,-0.0,1576658844622179031
-0.0,-0.0,-0.015707963267948967,0.08849556770675474,-0.0,1576658844632209062
-0.0,-0.0,-0.047123889803846894,0.022123891926688684,-0.0,1576658844642216920
-0.0,-0.0,-0.015707963267948967,-0.022123891926688684,-0.0,1576658844652205944
-0.0,-0.0,-0.047123889803846894,0.022123891926688684,-0.0,1576658844662204980
-0.0,-0.0,-0.047123889803846894,0.06637167578006604,-0.0,1576658844672215938
-0.0,-0.0,-0.031415926535897934,0.06637167578006604,-0.0,1576658844682202100
-0.0,-0.0,-0.07853981633974483,0.04424778385337737,-0.0,1576658844692245960
-0.0,0.020138414446088417,-0.047123889803846894,0.04424778385337737,-0.0,1576658844702171087
-0.0,-0.0,-0.047123889803846894,0.08849556770675474,-0.0,1576658844712199926
-0.0,0.030207621669132628,-0.10995574287564278,0.08849556770675474,-0.0,1576658844722203969
-0.0,-0.0,-0.031415926535897934,0.11061945963344343,-0.0,1576658844732203960
-0.0,0.030207621669132628,-0.07853981633974483,0.08849556770675474,-0.0,1576658844742202997
-0.0,0.020138414446088417,-0.10995574287564278,0.11061945963344343,-0.0,1576658844752177000
-0.0,0.020138414446088417,-0.047123889803846894,0.08849556770675474,-0.0,1576658844762226104
-0.0,0.020138414446088417,-0.10995574287564278,0.06637167578006604,-0.0,1576658844772209882
-0.0,0.04027682889217683,-0.12566370614359174,0.08849556770675474,-0.0,1576658844782205104
-0.0,0.030207621669132628,-0.06283185307179587,0.11061945963344343,-0.0,1576658844792210102
-0.0,0.04027682889217683,-0.15707963267948966,0.11061945963344343,-0.0,1576658844802226066
-0.0,0.020138414446088417,-0.1413716694115407,0.06637167578006604,-0.0,1576658844812216043
-0.0,0.04027682889217683,-0.06283185307179587,0.04424778385337737,-0.0,1576658844822227001
-0.0,0.030207621669132628,-0.15707963267948966,0.11061945963344343,-0.0,1576658844832216978
-0.0,0.030207621669132628,-0.1413716694115407,0.1548672434868208,-0.0,1576658844842206954
-0.0,0.05034603611522104,-0.15707963267948966,0.1548672434868208,-0.0,1576658844852205991
-0.0,0.04027682889217683,-0.15707963267948966,0.1548672434868208,-0.0,1576658844862207889
-0.0,0.04027682889217683,-0.06283185307179587,0.08849556770675474,-0.0,1576658844872209072
-0.0,0.04027682889217683,-0.1413716694115407,0.022123891926688684,-0.0,1576658844882201910
-0.0,0.060415243338265257,-0.17278759594743862,0.06637167578006604,-0.0,1576658844892208099
-0.0,0.060415243338265257,-0.17278759594743862,0.1548672434868208,-0.0,1576658844902209043
-0.0,0.07048445056130946,-0.15707963267948966,0.11061945963344343,-0.0,1576658844912226915
-0.0,0.04027682889217683,-0.15707963267948966,0.022123891926688684,-0.0,1576658844922162055
-0.0,0.05034603611522104,-0.15707963267948966,0.022123891926688684,-0.0,1576658844932208061
-0.0,0.10069207223044208,-0.18849555921538758,0.11061945963344343,-0.0,1576658844942212104
-0.0,0.05034603611522104,-0.18849555921538758,0.1327433515601321,-0.0,1576658844952208995
-0.0,0.10069207223044208,-0.20420352248333656,0.1548672434868208,-0.0,1576658844962194919
-0.0,0.04027682889217683,-0.17278759594743862,0.08849556770675474,-0.0,1576658844972218990
-0.0,0.060415243338265257,-0.1413716694115407,0.04424778385337737,-0.0,1576658844982213973
-0.0,0.1308996938995747,-0.20420352248333656,0.022123891926688684,-0.0,1576658844992192983
-0.0,0.04027682889217683,-0.18849555921538758,0.08849556770675474,-0.0,1576658845002201080
-0.0,0.060415243338265257,-0.20420352248333656,0.1327433515601321,-0.0,1576658845012212991
-0.0,0.12083048667653051,-0.18849555921538758,0.08849556770675474,-0.0,1576658845022178888
-0.0,0.05034603611522104,-0.18849555921538758,-0.022123891926688684,-0.0,1576658845032207965
-0.0,0.10069207223044208,-0.21991148575128555,-0.022123891926688684,-0.0,1576658845042208909
-0.0,0.05034603611522104,-0.20420352248333656,0.06637167578006604,-0.0,1576658845052211046
-0.0,0.1107612794534863,-0.21991148575128555,0.11061945963344343,-0.0,1576658845062211036
-0.0,0.060415243338265257,-0.21991148575128555,0.022123891926688684,-0.0,1576658845072212934
-0.0,0.07048445056130946,-0.17278759594743862,-0.022123891926688684,-0.0,1576658845082211017
-0.0,0.12083048667653051,-0.20420352248333656,0.04424778385337737,-0.0,1576658845092210054
-0.0,0.060415243338265257,-0.20420352248333656,0.06637167578006604,-0.0,1576658845102221965
-0.0,0.12083048667653051,-0.20420352248333656,0.06637167578006604,-0.0,1576658845112215042
-0.0,0.12083048667653051,-0.21991148575128555,-0.0,-0.0,1576658845122210025
-0.0,0.060415243338265257,-0.21991148575128555,-0.022123891926688684,-0.0,1576658845132206916
-0.0,0.060415243338265257,-0.25132741228718347,0.022123891926688684,-0.0,1576658845142209053
-0.0,0.1107612794534863,-0.17278759594743862,0.04424778385337737,-0.0,1576658845152201890
-0.0,0.09062286500739787,-0.18849555921538758,-0.022123891926688684,-0.0,1576658845162206888
-0.0,0.04027682889217683,-0.25132741228718347,-0.022123891926688684,-0.0,1576658845172208070
-0.0,0.1107612794534863,-0.18849555921538758,-0.0,-0.0,1576658845182214021
-0.0,0.060415243338265257,-0.21991148575128555,-0.022123891926688684,-0.0,1576658845192219018
-0.0,0.10069207223044208,-0.20420352248333656,-0.0,-0.0,1576658845202178001
-0.0,0.060415243338265257,-0.18849555921538758,-0.022123891926688684,-0.0,1576658845212208986
-0.0,0.12083048667653051,-0.21991148575128555,-0.022123891926688684,-0.0,1576658845222209930
-0.0,0.030207621669132628,-0.18849555921538758,-0.04424778385337737,-0.0,1576658845232177019
-0.0,0.05034603611522104,-0.17278759594743862,-0.022123891926688684,-0.0,1576658845242194890
-0.0,0.12083048667653051,-0.18849555921538758,-0.0,-0.0,1576658845252212047
-0.0,0.030207621669132628,-0.20420352248333656,-0.0,-0.0,1576658845262204885
-0.0,0.1107612794534863,-0.21991148575128555,-0.06637167578006604,-0.0,1576658845272206068
-0.0,0.05034603611522104,-0.18849555921538758,-0.06637167578006604,-0.0,1576658845282206058
-0.0,0.05034603611522104,-0.20420352248333656,0.022123891926688684,-0.0,1576658845292207956
-0.0,0.10069207223044208,-0.20420352248333656,0.022123891926688684,-0.0,1576658845302211999
-0.0,0.020138414446088417,-0.15707963267948966,-0.06637167578006604,-0.0,1576658845312210083
-0.0,0.05034603611522104,-0.20420352248333656,-0.08849556770675474,-0.0,1576658845322211980
-0.0,0.10069207223044208,-0.20420352248333656,-0.022123891926688684,-0.0,1576658845332206964
-0.0,0.030207621669132628,-0.09424777960769379,0.022123891926688684,-0.0,1576658845342212915
-0.0,0.05034603611522104,-0.20420352248333656,-0.022123891926688684,-0.0,1576658845352219104
-0.0,0.04027682889217683,-0.18849555921538758,-0.06637167578006604,-0.0,1576658845362219095
-0.0,0.04027682889217683,-0.09424777960769379,-0.08849556770675474,-0.0,1576658845372209072
-0.0,0.030207621669132628,-0.20420352248333656,-0.04424778385337737,-0.0,1576658845382214069
-0.0,0.04027682889217683,-0.15707963267948966,0.022123891926688684,-0.0,1576658845392204046
-0.0,0.04027682889217683,-0.15707963267948966,-0.022123891926688684,-0.0,1576658845402198076
-0.0,0.04027682889217683,-0.17278759594743862,-0.06637167578006604,-0.0,1576658845412209033
-0.0,0.020138414446088417,-0.06283185307179587,-0.08849556770675474,-0.0,1576658845422205924
-0.0,0.030207621669132628,-0.15707963267948966,-0.022123891926688684,-0.0,1576658845432215929
-0.0,0.030207621669132628,-0.15707963267948966,0.022123891926688684,-0.0,1576658845442217111
-0.0,0.030207621669132628,-0.09424777960769379,-0.04424778385337737,-0.0,1576658845452204942
-0.0,0.010069207223044208,-0.09424777960769379,-0.06637167578006604,-0.0,1576658845462208032
-0.0,0.030207621669132628,-0.12566370614359174,-0.08849556770675474,-0.0,1576658845472203969
-0.0,-0.0,-0.06283185307179587,-0.04424778385337737,-0.0,1576658845482207059
-0.0,-0.0,-0.06283185307179587,0.022123891926688684,-0.0,1576658845492211103
-0.0,0.04027682889217683,-0.1413716694115407,-0.022123891926688684,-0.0,1576658845502240896
-0.0,-0.0,-0.06283185307179587,-0.04424778385337737,-0.0,1576658845512217998
-0.0,-0.0,-0.047123889803846894,-0.06637167578006604,-0.0,1576658845522216081
-0.0,0.010069207223044208,-0.06283185307179587,-0.0,-0.0,1576658845532218933
-0.0,-0.0,-0.06283185307179587,0.022123891926688684,-0.0,1576658845542227029
-0.0,-0.0,-0.047123889803846894,-0.022123891926688684,-0.0,1576658845552227020
-0.0,-0.0,-0.031415926535897934,-0.04424778385337737,-0.0,1576658845562190055
-0.0,-0.0,-0.031415926535897934,-0.0,-0.0,1576658845572213888
-0.0,-0.0,0.0,-0.0,-0.0,1576658845582227945
-0.0,-0.0,-0.031415926535897934,-0.022123891926688684,-0.0,1576658845592215061
-0.0,-0.0,0.0,-0.0,-0.0,1576658845602216958
-0.0,-0.0,0.0,-0.0,-0.0,1576658845612215995
-0.0,-0.0,0.031415926535897934,-0.0,-0.0,1576658845622205018
-0.0,-0.0,0.031415926535897934,-0.0,-0.0,1576658845632220029
-0.0,-0.0,0.0,0.022123891926688684,-0.0,1576658845642211914
-0.0,-0.0,0.06283185307179587,-0.0,-0.0,1576658845652211904
-0.0,0.030207621669132628,0.047123889803846894,0.022123891926688684,-0.0,1576658845662204980
-0.0,-0.0,0.015707963267948967,0.022123891926688684,-0.0,1576658845672210931
-0.0,0.010069207223044208,0.09424777960769379,0.022123891926688684,-0.0,1576658845682212114
-0.0,0.030207621669132628,0.06283185307179587,0.022123891926688684,-0.0,1576658845692210912
-0.0,-0.0,0.09424777960769379,0.04424778385337737,-0.0,1576658845702208995
-0.0,0.030207621669132628,0.09424777960769379,0.022123891926688684,-0.0,1576658845712212085
-0.0,0.030207621669132628,0.09424777960769379,0.022123891926688684,-0.0,1576658845722203969
-0.0,0.030207621669132628,0.12566370614359174,0.022123891926688684,-0.0,1576658845732222080
-0.0,0.030207621669132628,0.12566370614359174,0.04424778385337737,-0.0,1576658845742212057
-0.0,0.030207621669132628,0.10995574287564278,0.06637167578006604,-0.0,1576658845752211093
-0.0,0.030207621669132628,0.15707963267948966,0.06637167578006604,-0.0,1576658845762208938
-0.0,0.030207621669132628,0.12566370614359174,-0.0,-0.0,1576658845772207021
-0.0,0.05034603611522104,0.17278759594743862,-0.0,-0.0,1576658845782200098
-0.0,0.05034603611522104,0.15707963267948966,0.06637167578006604,-0.0,1576658845792206048
-0.0,0.030207621669132628,0.1413716694115407,0.11061945963344343,-0.0,1576658845802205085
-0.0,0.04027682889217683,0.17278759594743862,0.04424778385337737,-0.0,1576658845812211990
-0.0,0.08055365778435367,0.20420352248333656,-0.0,-0.0,1576658845822139978
-0.0,0.05034603611522104,0.18849555921538758,0.06637167578006604,-0.0,1576658845832206010
-0.0,0.05034603611522104,0.20420352248333656,0.11061945963344343,-0.0,1576658845842209100
-0.0,0.14096890112261892,0.20420352248333656,0.04424778385337737,-0.0,1576658845852210044
-0.0,0.05034603611522104,0.21991148575128555,-0.0,-0.0,1576658845862205028
-0.0,0.12083048667653051,0.21991148575128555,0.04424778385337737,-0.0,1576658845872208118
-0.0,0.05034603611522104,0.25132741228718347,0.06637167578006604,-0.0,1576658845882206916
-0.0,0.12083048667653051,0.25132741228718347,0.11061945963344343,-0.0,1576658845892214059
-0.0,0.12083048667653051,0.25132741228718347,0.06637167578006604,-0.0,1576658845902206897
-0.0,0.060415243338265257,0.23561944901923448,-0.0,-0.0,1576658845912200927
-0.0,0.17117652279175155,0.25132741228718347,0.06637167578006604,-0.0,1576658845922209978
-0.0,0.05034603611522104,0.26703537555513246,0.11061945963344343,-0.0,1576658845932209014
-0.0,0.1308996938995747,0.26703537555513246,0.11061945963344343,-0.0,1576658845942181110
-0.0,0.14096890112261892,0.25132741228718347,0.06637167578006604,-0.0,1576658845952210903
-0.0,0.060415243338265257,0.2827433388230814,0.022123891926688684,-0.0,1576658845962212085
-0.0,0.18124573001479574,0.2984513020910303,0.06637167578006604,-0.0,1576658845972203016
-0.0,0.17117652279175155,0.2984513020910303,0.06637167578006604,-0.0,1576658845982202053
-0.0,0.08055365778435367,0.23561944901923448,0.06637167578006604,-0.0,1576658845992201089
-0.0,0.18124573001479574,0.2984513020910303,0.06637167578006604,-0.0,1576658846002206087
-0.0,0.16110731556870733,0.25132741228718347,0.06637167578006604,-0.0,1576658846012206077
-0.0,0.12083048667653051,0.32986722862692824,0.022123891926688684,-0.0,1576658846022208929
-0.0,0.17117652279175155,0.3141592653589793,-0.0,-0.0,1576658846032177925
-0.0,0.14096890112261892,0.2827433388230814,0.06637167578006604,-0.0,1576658846042211055
-0.0,0.19131493723783996,0.3141592653589793,0.08849556770675474,-0.0,1576658846052211046
-0.0,0.20138414446088415,0.3141592653589793,-0.0,-0.0,1576658846062175989
-0.0,0.1308996938995747,0.3141592653589793,-0.022123891926688684,-0.0,1576658846072206974
-0.0,0.18124573001479574,0.2827433388230814,0.04424778385337737,-0.0,1576658846082206964
-0.0,0.20138414446088415,0.32986722862692824,0.08849556770675474,-0.0,1576658846092176914
-0.0,0.18124573001479574,0.3141592653589793,0.04424778385337737,-0.0,1576658846102210044
-0.0,0.18124573001479574,0.34557519189487723,-0.0,-0.0,1576658846112211942
-0.0,0.19131493723783996,0.2984513020910303,-0.022123891926688684,-0.0,1576658846122208118
-0.0,0.21145335168392837,0.2984513020910303,0.06637167578006604,-0.0,1576658846132209062
-0.0,0.20138414446088415,0.3612831551628262,0.04424778385337737,-0.0,1576658846142219066
-0.0,0.17117652279175155,0.2984513020910303,-0.0,-0.0,1576658846152211904
-0.0,0.21145335168392837,0.3141592653589793,-0.022123891926688684,-0.0,1576658846162214040
-0.0,0.2215225589069726,0.3141592653589793,-0.0,-0.0,1576658846172209024
-0.0,0.21145335168392837,0.2827433388230814,0.022123891926688684,-0.0,1576658846182209014
-0.0,0.19131493723783996,0.3141592653589793,-0.0,-0.0,1576658846192207098
-0.0,0.14096890112261892,0.2984513020910303,-0.022123891926688684,-0.0,1576658846202200889
-0.0,0.2315917661300168,0.2827433388230814,-0.0,-0.0,1576658846212205886
-0.0,0.24166097335306103,0.3141592653589793,-0.04424778385337737,-0.0,1576658846222210884
-0.0,0.20138414446088415,0.26703537555513246,-0.04424778385337737,-0.0,1576658846232213020
-0.0,0.19131493723783996,0.2984513020910303,-0.0,-0.0,1576658846242208003
-0.0,0.21145335168392837,0.3141592653589793,-0.022123891926688684,-0.0,1576658846252203941
-0.0,0.19131493723783996,0.25132741228718347,-0.04424778385337737,-0.0,1576658846262203931
-0.0,0.2315917661300168,0.2984513020910303,-0.08849556770675474,-0.0,1576658846272211074
-0.0,0.17117652279175155,0.26703537555513246,-0.04424778385337737,-0.0,1576658846282172918
-0.0,0.20138414446088415,0.23561944901923448,0.022123891926688684,-0.0,1576658846292207002
-0.0,0.2215225589069726,0.2827433388230814,-0.022123891926688684,-0.0,1576658846302201986
-0.0,0.20138414446088415,0.21991148575128555,-0.08849556770675474,-0.0,1576658846312202930
-0.0,0.19131493723783996,0.23561944901923448,-0.06637167578006604,-0.0,1576658846322170972
-0.0,0.2215225589069726,0.25132741228718347,-0.022123891926688684,-0.0,1576658846332201004
-0.0,0.18124573001479574,0.21991148575128555,-0.022123891926688684,-0.0,1576658846342202901
-0.0,0.16110731556870733,0.25132741228718347,-0.06637167578006604,-0.0,1576658846352214097
-0.0,0.16110731556870733,0.23561944901923448,-0.08849556770675474,-0.0,1576658846362207889
-0.0,0.17117652279175155,0.18849555921538758,-0.08849556770675474,-0.0,1576658846372174978
-0.0,0.17117652279175155,0.21991148575128555,-0.06637167578006604,-0.0,1576658846382219076
-0.0,0.16110731556870733,0.20420352248333656,-0.04424778385337737,-0.0,1576658846392206907
-0.0,0.1510381083456631,0.18849555921538758,-0.04424778385337737,-0.0,1576658846402208089
-0.0,0.17117652279175155,0.20420352248333656,-0.08849556770675474,-0.0,1576658846412208080
-0.0,0.08055365778435367,0.07853981633974483,-0.08849556770675474,-0.0,1576658846422173976
-0.0,0.18124573001479574,0.17278759594743862,-0.08849556770675474,-0.0,1576658846432204961
-0.0,0.09062286500739787,0.18849555921538758,-0.08849556770675474,-0.0,1576658846442203998
-0.0,0.16110731556870733,0.09424777960769379,-0.06637167578006604,-0.0,1576658846452210903
-0.0,0.1510381083456631,0.1413716694115407,-0.06637167578006604,-0.0,1576658846462208986
-0.0,0.060415243338265257,0.15707963267948966,-0.04424778385337737,-0.0,1576658846472177028
-0.0,0.16110731556870733,0.09424777960769379,-0.0,-0.0,1576658846482209920
-0.0,0.07048445056130946,0.06283185307179587,-0.06637167578006604,-0.0,1576658846492212057
-0.0,0.1107612794534863,0.15707963267948966,-0.08849556770675474,-0.0,1576658846502207040
-0.0,0.07048445056130946,0.06283185307179587,-0.06637167578006604,-0.0,1576658846512212038
-0.0,0.05034603611522104,0.047123889803846894,-0.04424778385337737,-0.0,1576658846522219896
-0.0,0.10069207223044208,0.10995574287564278,-0.04424778385337737,-0.0,1576658846532208919
-0.0,0.05034603611522104,0.047123889803846894,-0.04424778385337737,-0.0,1576658846542208909
-0.0,0.030207621669132628,0.047123889803846894,-0.022123891926688684,-0.0,1576658846552206993
-0.0,0.060415243338265257,0.047123889803846894,-0.022123891926688684,-0.0,1576658846562210083
-0.0,0.030207621669132628,0.031415926535897934,-0.04424778385337737,-0.0,1576658846572210073
-0.0,0.04027682889217683,0.031415926535897934,-0.04424778385337737,-0.0,1576658846582207918
-0.0,0.010069207223044208,0.015707963267948967,-0.0,-0.0,1576658846592206954
-0.0,0.010069207223044208,0.0,0.022123891926688684,-0.0,1576658846602202892
-0.0,-0.0,0.0,-0.0,-0.0,1576658846612209081
-0.0,-0.030207621669132628,-0.015707963267948967,0.022123891926688684,-0.0,1576658846622205972
-0.0,-0.020138414446088417,0.0,0.04424778385337737,-0.0,1576658846632206916
-0.0,-0.020138414446088417,-0.047123889803846894,0.022123891926688684,-0.0,1576658846642127990
-0.0,-0.020138414446088417,0.0,0.022123891926688684,-0.0,1576658846652205944
-0.0,-0.07048445056130946,-0.07853981633974483,0.04424778385337737,-0.0,1576658846662204027
-0.0,-0.04027682889217683,-0.015707963267948967,0.08849556770675474,-0.0,1576658846672205924
-0.0,-0.09062286500739787,-0.06283185307179587,0.08849556770675474,-0.0,1576658846682203054
-0.0,-0.09062286500739787,-0.07853981633974483,0.06637167578006604,-0.0,1576658846692203998
-0.0,-0.10069207223044208,-0.031415926535897934,0.04424778385337737,-0.0,1576658846702209949
-0.0,-0.04027682889217683,-0.07853981633974483,0.06637167578006604,-0.0,1576658846712203025
-0.0,-0.14096890112261892,-0.10995574287564278,0.11061945963344343,-0.0,1576658846722207069
-0.0,-0.1510381083456631,-0.031415926535897934,0.1327433515601321,-0.0,1576658846732206106
-0.0,-0.060415243338265257,-0.1413716694115407,0.1548672434868208,-0.0,1576658846742214918
-0.0,-0.17117652279175155,-0.1413716694115407,0.1327433515601321,-0.0,1576658846752214908
-0.0,-0.1510381083456631,-0.047123889803846894,0.1548672434868208,-0.0,1576658846762208938
-0.0,-0.1308996938995747,-0.1413716694115407,0.17699113541350947,-0.0,1576658846772224903
-0.0,-0.18124573001479574,-0.1413716694115407,0.19911502734019815,-0.0,1576658846782190084
-0.0,-0.12083048667653051,-0.09424777960769379,0.17699113541350947,-0.0,1576658846792215108
-0.0,-0.18124573001479574,-0.12566370614359174,0.11061945963344343,-0.0,1576658846802212953
-0.0,-0.21145335168392837,-0.15707963267948966,0.1548672434868208,-0.0,1576658846812211036
-0.0,-0.18124573001479574,-0.06283185307179587,0.22123891926688685,-0.0,1576658846822208881
-0.0,-0.18124573001479574,-0.17278759594743862,0.3097344869736416,-0.0,1576658846832207918
-0.0,-0.19131493723783996,-0.15707963267948966,0.2654867031202642,-0.0,1576658846842189073
-0.0,-0.20138414446088415,-0.07853981633974483,0.2654867031202642,-0.0,1576658846852196931
-0.0,-0.21145335168392837,-0.17278759594743862,0.22123891926688685,-0.0,1576658846862175941
-0.0,-0.21145335168392837,-0.1413716694115407,0.2876105950469529,-0.0,1576658846872208118
-0.0,-0.2517301805761052,-0.15707963267948966,0.35398227082701894,-0.0,1576658846882210016
-0.0,-0.2215225589069726,-0.15707963267948966,0.33185837890033026,-0.0,1576658846892205953
-0.0,-0.21145335168392837,-0.12566370614359174,0.2876105950469529,-0.0,1576658846902204036
-0.0,-0.2517301805761052,-0.17278759594743862,0.3097344869736416,-0.0,1576658846912204027
-0.0,-0.24166097335306103,-0.12566370614359174,0.33185837890033026,-0.0,1576658846922204017
-0.0,-0.2517301805761052,-0.07853981633974483,0.3097344869736416,-0.0,1576658846932207107
-0.0,-0.2517301805761052,-0.17278759594743862,0.33185837890033026,-0.0,1576658846942202091
-0.0,-0.2617993877991494,-0.15707963267948966,0.3982300546803963,-0.0,1576658846952205896
-0.0,-0.2517301805761052,-0.12566370614359174,0.3761061627537077,-0.0,1576658846962203025
-0.0,-0.2617993877991494,-0.15707963267948966,0.3982300546803963,-0.0,1576658846972204923
-0.0,-0.28193780224523785,-0.06283185307179587,0.420353946607085,-0.0,1576658846982204914
-0.0,-0.2517301805761052,-0.17278759594743862,0.3982300546803963,-0.0,1576658846992213964
-0.0,-0.2517301805761052,-0.15707963267948966,0.420353946607085,-0.0,1576658847002177000
-0.0,-0.28193780224523785,-0.07853981633974483,0.3761061627537077,-0.0,1576658847012212038
-0.0,-0.2718685950221936,-0.1413716694115407,0.3982300546803963,-0.0,1576658847022214889
-0.0,-0.2718685950221936,-0.15707963267948966,0.4424778385337737,-0.0,1576658847032207965
-0.0,-0.3020762166913262,-0.09424777960769379,0.4424778385337737,-0.0,1576658847042208909
-0.0,-0.32221463113741466,-0.12566370614359174,0.4646017304604624,-0.0,1576658847052208900
-0.0,-0.28193780224523785,-0.09424777960769379,0.4646017304604624,-0.0,1576658847062213897
-0.0,-0.3020762166913262,-0.12566370614359174,0.420353946607085,-0.0,1576658847072190999
-0.0,-0.2718685950221936,-0.06283185307179587,0.4646017304604624,-0.0,1576658847082175970
-0.0,-0.3020762166913262,-0.1413716694115407,0.4646017304604624,-0.0,1576658847092206001
-0.0,-0.29200700946828206,-0.07853981633974483,0.4646017304604624,-0.0,1576658847102205991
-0.0,-0.2617993877991494,-0.047123889803846894,0.4867256223871511,-0.0,1576658847112205028
-0.0,-0.32221463113741466,-0.1413716694115407,0.4867256223871511,-0.0,1576658847122176885
-0.0,-0.3020762166913262,-0.06283185307179587,0.5088495143138397,-0.0,1576658847132215976
-0.0,-0.29200700946828206,-0.07853981633974483,0.4646017304604624,-0.0,1576658847142211914
-0.0,-0.3020762166913262,-0.07853981633974483,0.4867256223871511,-0.0,1576658847152215957
-0.0,-0.24166097335306103,-0.031415926535897934,0.4867256223871511,-0.0,1576658847162219047
-0.0,-0.2718685950221936,-0.06283185307179587,0.4646017304604624,-0.0,1576658847172204971
-0.0,-0.32221463113741466,-0.047123889803846894,0.4867256223871511,-0.0,1576658847182204008
-0.0,-0.2718685950221936,-0.031415926535897934,0.4646017304604624,-0.0,1576658847192204952
-0.0,-0.2517301805761052,-0.06283185307179587,0.5088495143138397,-0.0,1576658847202174901
-0.0,-0.2517301805761052,-0.031415926535897934,0.4867256223871511,-0.0,1576658847212218046
-0.0,-0.2517301805761052,-0.06283185307179587,0.4646017304604624,-0.0,1576658847222213029
-0.0,-0.2617993877991494,-0.015707963267948967,0.4646017304604624,-0.0,1576658847232208967
-0.0,-0.2617993877991494,-0.015707963267948967,0.4646017304604624,-0.0,1576658847242177963
-0.0,-0.29200700946828206,-0.015707963267948967,0.4867256223871511,-0.0,1576658847252187967
-0.0,-0.24166097335306103,0.0,0.5088495143138397,-0.0,1576658847262190103
-0.0,-0.2315917661300168,-0.015707963267948967,0.4867256223871511,-0.0,1576658847272212982
-0.0,-0.2617993877991494,0.0,0.4646017304604624,-0.0,1576658847282207965
-0.0,-0.21145335168392837,0.0,0.4424778385337737,-0.0,1576658847292205095
-0.0,-0.21145335168392837,0.015707963267948967,0.420353946607085,-0.0,1576658847302201986
-0.0,-0.19131493723783996,0.0,0.4424778385337737,-0.0,1576658847312205076
-0.0,-0.2315917661300168,0.031415926535897934,0.420353946607085,-0.0,1576658847322176933
-0.0,-0.2517301805761052,0.015707963267948967,0.3982300546803963,-0.0,1576658847332211971
-0.0,-0.17117652279175155,0.015707963267948967,0.420353946607085,-0.0,1576658847342199087
-0.0,-0.2315917661300168,0.031415926535897934,0.3761061627537077,-0.0,1576658847352209091
-0.0,-0.19131493723783996,0.015707963267948967,0.3761061627537077,-0.0,1576658847362212896
-0.0,-0.1510381083456631,0.031415926535897934,0.3761061627537077,-0.0,1576658847372209072
-0.0,-0.21145335168392837,0.015707963267948967,0.33185837890033026,-0.0,1576658847382210016
-0.0,-0.16110731556870733,0.015707963267948967,0.3097344869736416,-0.0,1576658847392148971
-0.0,-0.16110731556870733,0.06283185307179587,0.35398227082701894,-0.0,1576658847402209997
-0.0,-0.18124573001479574,0.031415926535897934,0.33185837890033026,-0.0,1576658847412208080
-0.0,-0.12083048667653051,0.031415926535897934,0.3097344869736416,-0.0,1576658847422204971
-0.0,-0.14096890112261892,0.07853981633974483,0.2876105950469529,-0.0,1576658847432213068
-0.0,-0.14096890112261892,0.047123889803846894,0.2876105950469529,-0.0,1576658847442209005
-0.0,-0.060415243338265257,0.015707963267948967,0.24336281119357556,-0.0,1576658847452203035
-0.0,-0.17117652279175155,0.09424777960769379,0.17699113541350947,-0.0,1576658847462178945
-0.0,-0.05034603611522104,0.031415926535897934,0.19911502734019815,-0.0,1576658847472199916
-0.0,-0.12083048667653051,0.031415926535897934,0.2654867031202642,-0.0,1576658847482202053
-0.0,-0.12083048667653051,0.07853981633974483,0.22123891926688685,-0.0,1576658847492211103
-0.0,-0.05034603611522104,0.031415926535897934,0.11061945963344343,-0.0,1576658847502198934
-0.0,-0.060415243338265257,0.031415926535897934,0.06637167578006604,-0.0,1576658847512208938
-0.0,-0.10069207223044208,0.06283185307179587,0.1327433515601321,-0.0,1576658847522177934
-0.0,-0.04027682889217683,0.031415926535897934,0.17699113541350947,-0.0,1576658847532206058
-0.0,-0.060415243338265257,0.031415926535897934,0.17699113541350947,-0.0,1576658847542208909
-0.0,-0.04027682889217683,0.031415926535897934,0.06637167578006604,-0.0,1576658847552206993
-0.0,-0.04027682889217683,0.031415926535897934,-0.022123891926688684,-0.0,1576658847562206983
-0.0,-0.030207621669132628,0.015707963267948967,0.022123891926688684,-0.0,1576658847572206020
-0.0,-0.010069207223044208,0.0,0.11061945963344343,-0.0,1576658847582207918
-0.0,-0.04027682889217683,0.031415926535897934,0.06637167578006604,-0.0,1576658847592206954
-0.0,0.020138414446088417,0.0,-0.0,-0.0,1576658847602211952
-0.0,-0.0,0.0,-0.06637167578006604,-0.0,1576658847612176895
-0.0,0.020138414446088417,-0.031415926535897934,-0.022123891926688684,-0.0,1576658847622206926
-0.0,0.020138414446088417,-0.015707963267948967,0.022123891926688684,-0.0,1576658847632203102
-0.0,0.020138414446088417,-0.031415926535897934,-0.06637167578006604,-0.0,1576658847642204046
-0.0,0.030207621669132628,-0.015707963267948967,-0.11061945963344343,-0.0,1576658847652224063
-0.0,0.04027682889217683,-0.047123889803846894,-0.06637167578006604,-0.0,1576658847662199974
-0.0,0.04027682889217683,-0.031415926535897934,-0.06637167578006604,-0.0,1576658847672208070
-0.0,0.030207621669132628,-0.031415926535897934,-0.08849556770675474,-0.0,1576658847682228088
-0.0,0.07048445056130946,-0.09424777960769379,-0.11061945963344343,-0.0,1576658847692188024
-0.0,0.05034603611522104,-0.09424777960769379,-0.11061945963344343,-0.0,1576658847702225923
-0.0,0.07048445056130946,-0.06283185307179587,-0.1548672434868208,-0.0,1576658847712210893
-0.0,0.04027682889217683,-0.10995574287564278,-0.19911502734019815,-0.0,1576658847722214937
-0.0,0.10069207223044208,-0.07853981633974483,-0.24336281119357556,-0.0,1576658847732209920
-0.0,0.04027682889217683,-0.1413716694115407,-0.19911502734019815,-0.0,1576658847742207050
-0.0,0.1107612794534863,-0.10995574287564278,-0.1327433515601321,-0.0,1576658847752218008
-0.0,0.09062286500739787,-0.12566370614359174,-0.1327433515601321,-0.0,1576658847762176990
-0.0,0.05034603611522104,-0.1413716694115407,-0.22123891926688685,-0.0,1576658847772208929
-0.0,0.1510381083456631,-0.17278759594743862,-0.2654867031202642,-0.0,1576658847782210111
-0.0,0.060415243338265257,-0.07853981633974483,-0.3097344869736416,-0.0,1576658847792211055
-0.0,0.1308996938995747,-0.20420352248333656,-0.2654867031202642,-0.0,1576658847802198886
-0.0,0.14096890112261892,-0.18849555921538758,-0.22123891926688685,-0.0,1576658847812215089
-0.0,0.060415243338265257,-0.20420352248333656,-0.2654867031202642,-0.0,1576658847822175025
-0.0,0.16110731556870733,-0.20420352248333656,-0.3097344869736416,-0.0,1576658847832202911
-0.0,0.1510381083456631,-0.18849555921538758,-0.3097344869736416,-0.0,1576658847842207908
-0.0,0.060415243338265257,-0.20420352248333656,-0.3097344869736416,-0.0,1576658847852202892
-0.0,0.18124573001479574,-0.23561944901923448,-0.33185837890033026,-0.0,1576658847862202882
-0.0,0.1510381083456631,-0.23561944901923448,-0.35398227082701894,-0.0,1576658847872162103
-0.0,0.1308996938995747,-0.23561944901923448,-0.33185837890033026,-0.0,1576658847882174015
-0.0,0.14096890112261892,-0.18849555921538758,-0.33185837890033026,-0.0,1576658847892194032
-0.0,0.1510381083456631,-0.25132741228718347,-0.3761061627537077,-0.0,1576658847902209997
-0.0,0.1510381083456631,-0.26703537555513246,-0.3761061627537077,-0.0,1576658847912209987
-0.0,0.1107612794534863,-0.25132741228718347,-0.35398227082701894,-0.0,1576658847922210931
-0.0,0.17117652279175155,-0.2984513020910303,-0.3761061627537077,-0.0,1576658847932208061
-0.0,0.17117652279175155,-0.2984513020910303,-0.3761061627537077,-0.0,1576658847942210912
-0.0,0.14096890112261892,-0.2984513020910303,-0.3982300546803963,-0.0,1576658847952204942
-0.0,0.18124573001479574,-0.2984513020910303,-0.420353946607085,-0.0,1576658847962177991
-0.0,0.16110731556870733,-0.2827433388230814,-0.3982300546803963,-0.0,1576658847972207069
-0.0,0.1510381083456631,-0.2984513020910303,-0.33185837890033026,-0.0,1576658847982217073
-0.0,0.1510381083456631,-0.3141592653589793,-0.4424778385337737,-0.0,1576658847992212057
-0.0,0.19131493723783996,-0.3141592653589793,-0.3982300546803963,-0.0,1576658848002201080
-0.0,0.17117652279175155,-0.32986722862692824,-0.4424778385337737,-0.0,1576658848012223005
-0.0,0.14096890112261892,-0.2984513020910303,-0.3982300546803963,-0.0,1576658848022212028
-0.0,0.17117652279175155,-0.25132741228718347,-0.420353946607085,-0.0,1576658848032211065
-0.0,0.19131493723783996,-0.32986722862692824,-0.4646017304604624,-0.0,1576658848042182922
-0.0,0.12083048667653051,-0.3612831551628262,-0.4424778385337737,-0.0,1576658848052208900
-0.0,0.18124573001479574,-0.3141592653589793,-0.4646017304604624,-0.0,1576658848062210083
-0.0,0.19131493723783996,-0.3612831551628262,-0.4424778385337737,-0.0,1576658848072220087
-0.0,0.14096890112261892,-0.34557519189487723,-0.4424778385337737,-0.0,1576658848082212924
-0.0,0.18124573001479574,-0.34557519189487723,-0.4646017304604624,-0.0,1576658848092220067
-0.0,0.16110731556870733,-0.3141592653589793,-0.4424778385337737,-0.0,1576658848102209091
-0.0,0.17117652279175155,-0.32986722862692824,-0.420353946607085,-0.0,1576658848112209081
-0.0,0.1510381083456631,-0.34557519189487723,-0.4424778385337737,-0.0,1576658848122210025
-0.0,0.17117652279175155,-0.34557519189487723,-0.420353946607085,-0.0,1576658848132205963
-0.0,0.17117652279175155,-0.32986722862692824,-0.4867256223871511,-0.0,1576658848142211914
-0.0,0.08055365778435367,-0.2984513020910303,-0.4646017304604624,-0.0,1576658848152134895
-0.0,0.21145335168392837,-0.32986722862692824,-0.4646017304604624,-0.0,1576658848162204980
-0.0,0.18124573001479574,-0.3612831551628262,-0.4424778385337737,-0.0,1576658848172200918
-0.0,0.1510381083456631,-0.3141592653589793,-0.420353946607085,-0.0,1576658848182200908
-0.0,0.1510381083456631,-0.26703537555513246,-0.4867256223871511,-0.0,1576658848192210912
-0.0,0.1510381083456631,-0.3141592653589793,-0.420353946607085,-0.0,1576658848202205896
-0.0,0.14096890112261892,-0.2984513020910303,-0.4424778385337737,-0.0,1576658848212193965
-0.0,0.17117652279175155,-0.2984513020910303,-0.4424778385337737,-0.0,1576658848222202062
-0.0,0.07048445056130946,-0.2827433388230814,-0.4424778385337737,-0.0,1576658848232211112
-0.0,0.17117652279175155,-0.2984513020910303,-0.4424778385337737,-0.0,1576658848242209911
-0.0,0.17117652279175155,-0.3141592653589793,-0.3982300546803963,-0.0,1576658848252208948
-0.0,0.07048445056130946,-0.25132741228718347,-0.4424778385337737,-0.0,1576658848262208938
-0.0,0.17117652279175155,-0.2827433388230814,-0.420353946607085,-0.0,1576658848272218942
-0.0,0.17117652279175155,-0.26703537555513246,-0.3761061627537077,-0.0,1576658848282211065
-0.0,0.07048445056130946,-0.25132741228718347,-0.3982300546803963,-0.0,1576658848292208909
-0.0,0.17117652279175155,-0.21991148575128555,-0.3761061627537077,-0.0,1576658848302227020
-0.0,0.14096890112261892,-0.18849555921538758,-0.3761061627537077,-0.0,1576658848312210083
-0.0,0.1107612794534863,-0.26703537555513246,-0.35398227082701894,-0.0,1576658848322207927
-0.0,0.1308996938995747,-0.20420352248333656,-0.3982300546803963,-0.0,1576658848332207918
-0.0,0.08055365778435367,-0.15707963267948966,-0.3761061627537077,-0.0,1576658848342178106
-0.0,0.1510381083456631,-0.20420352248333656,-0.33185837890033026,-0.0,1576658848352210998
-0.0,0.07048445056130946,-0.17278759594743862,-0.3097344869736416,-0.0,1576658848362230062
-0.0,0.16110731556870733,-0.18849555921538758,-0.2876105950469529,-0.0,1576658848372180938
-0.0,0.060415243338265257,-0.18849555921538758,-0.3097344869736416,-0.0,1576658848382209062
-0.0,0.1107612794534863,-0.06283185307179587,-0.35398227082701894,-0.0,1576658848392210960
-0.0,0.07048445056130946,-0.18849555921538758,-0.2876105950469529,-0.0,1576658848402206897
-0.0,0.060415243338265257,-0.15707963267948966,-0.2654867031202642,-0.0,1576658848412203073
-0.0,0.1308996938995747,-0.07853981633974483,-0.2654867031202642,-0.0,1576658848422208070
-0.0,0.060415243338265257,-0.15707963267948966,-0.2876105950469529,-0.0,1576658848432173967
-0.0,0.08055365778435367,-0.07853981633974483,-0.19911502734019815,-0.0,1576658848442204952
-0.0,0.060415243338265257,-0.07853981633974483,-0.22123891926688685,-0.0,1576658848452208995
-0.0,0.1107612794534863,-0.10995574287564278,-0.24336281119357556,-0.0,1576658848462198019
-0.0,0.04027682889217683,-0.06283185307179587,-0.2876105950469529,-0.0,1576658848472204923
-0.0,0.05034603611522104,-0.031415926535897934,-0.17699113541350947,-0.0,1576658848482212066
-0.0,0.04027682889217683,-0.047123889803846894,-0.06637167578006604,-0.0,1576658848492207050
-0.0,0.060415243338265257,-0.06283185307179587,-0.08849556770675474,-0.0,1576658848502211093
-0.0,0.05034603611522104,-0.07853981633974483,-0.17699113541350947,-0.0,1576658848512203931
-0.0,0.05034603611522104,-0.015707963267948967,-0.2654867031202642,-0.0,1576658848522217035
-0.0,0.04027682889217683,-0.031415926535897934,-0.19911502734019815,-0.0,1576658848532227039
-0.0,0.05034603611522104,-0.047123889803846894,-0.04424778385337737,-0.0,1576658848542232990
-0.0,0.030207621669132628,0.0,0.04424778385337737,-0.0,1576658848552212953
-0.0,0.030207621669132628,0.0,-0.022123891926688684,-0.0,1576658848562227964
-0.0,0.010069207223044208,-0.015707963267948967,-0.1327433515601321,-0.0,1576658848572216033
-0.0,0.020138414446088417,0.0,-0.1548672434868208,-0.0,1576658848582218885
-0.0,0.010069207223044208,-0.031415926535897934,-0.022123891926688684,-0.0,1576658848592211008
-0.0,-0.0,0.0,0.08849556770675474,-0.0,1576658848602210044
-0.0,-0.020138414446088417,0.0,0.06637167578006604,-0.0,1576658848612183094
-0.0,-0.0,0.0,-0.04424778385337737,-0.0,1576658848622203111
-0.0,-0.04027682889217683,0.031415926535897934,-0.04424778385337737,-0.0,1576658848632208108
-0.0,-0.010069207223044208,0.0,0.08849556770675474,-0.0,1576658848642191886
-0.0,-0.010069207223044208,0.015707963267948967,0.08849556770675474,-0.0,1576658848652209997
-0.0,-0.05034603611522104,0.0,0.08849556770675474,-0.0,1576658848662209987
-0.0,-0.030207621669132628,0.031415926535897934,0.06637167578006604,-0.0,1576658848672204017
-0.0,-0.030207621669132628,-0.015707963267948967,0.06637167578006604,-0.0,1576658848682204961
-0.0,-0.04027682889217683,0.015707963267948967,0.08849556770675474,-0.0,1576658848692203998
-0.0,-0.05034603611522104,0.0,0.1327433515601321,-0.0,1576658848702204942
-0.0,-0.05034603611522104,0.015707963267948967,0.17699113541350947,-0.0,1576658848712205886
-0.0,-0.05034603611522104,0.0,0.17699113541350947,-0.0,1576658848722210884
-0.0,-0.030207621669132628,-0.015707963267948967,0.24336281119357556,-0.0,1576658848732208967
-0.0,-0.10069207223044208,0.0,0.22123891926688685,-0.0,1576658848742202997
-0.0,-0.04027682889217683,0.0,0.22123891926688685,-0.0,1576658848752208948
-0.0,-0.10069207223044208,-0.031415926535897934,0.1548672434868208,-0.0,1576658848762206077
-0.0,-0.05034603611522104,-0.031415926535897934,0.19911502734019815,-0.0,1576658848772207975
-0.0,-0.10069207223044208,-0.015707963267948967,0.2654867031202642,-0.0,1576658848782202005
-0.0,-0.060415243338265257,-0.031415926535897934,0.33185837890033026,-0.0,1576658848792212009
-0.0,-0.1308996938995747,-0.047123889803846894,0.2876105950469529,-0.0,1576658848802215099
-0.0,-0.030207621669132628,-0.031415926535897934,0.2654867031202642,-0.0,1576658848812208890
-0.0,-0.1308996938995747,-0.06283185307179587,0.3097344869736416,-0.0,1576658848822206020
-0.0,-0.1107612794534863,-0.031415926535897934,0.35398227082701894,-0.0,1576658848832209110
-0.0,-0.030207621669132628,-0.047123889803846894,0.33185837890033026,-0.0,1576658848842206001
-0.0,-0.1510381083456631,-0.09424777960769379,0.3097344869736416,-0.0,1576658848852205991
-0.0,-0.060415243338265257,-0.047123889803846894,0.3761061627537077,-0.0,1576658848862210988
-0.0,-0.14096890112261892,-0.09424777960769379,0.3761061627537077,-0.0,1576658848872209072
-0.0,-0.12083048667653051,-0.06283185307179587,0.3982300546803963,-0.0,1576658848882193088
-0.0,-0.10069207223044208,-0.09424777960769379,0.3982300546803963,-0.0,1576658848892206907
-0.0,-0.1308996938995747,-0.10995574287564278,0.3982300546803963,-0.0,1576658848902204036
-0.0,-0.1308996938995747,-0.06283185307179587,0.420353946607085,-0.0,1576658848912211894
-0.0,-0.05034603611522104,-0.1413716694115407,0.420353946607085,-0.0,1576658848922208070
-0.0,-0.16110731556870733,-0.1413716694115407,0.3982300546803963,-0.0,1576658848932210922
-0.0,-0.16110731556870733,-0.06283185307179587,0.3982300546803963,-0.0,1576658848942181110
-0.0,-0.060415243338265257,-0.12566370614359174,0.420353946607085,-0.0,1576658848952205896
-0.0,-0.1510381083456631,-0.21991148575128555,0.4424778385337737,-0.0,1576658848962210893
-0.0,-0.14096890112261892,-0.06283185307179587,0.4424778385337737,-0.0,1576658848972187995
-0.0,-0.12083048667653051,-0.1413716694115407,0.4867256223871511,-0.0,1576658848982207059
-0.0,-0.1510381083456631,-0.25132741228718347,0.4867256223871511,-0.0,1576658848992177963
-0.0,-0.060415243338265257,-0.15707963267948966,0.4646017304604624,-0.0,1576658849002204895
-0.0,-0.17117652279175155,-0.15707963267948966,0.4867256223871511,-0.0,1576658849012175083
-0.0,-0.1510381083456631,-0.17278759594743862,0.4424778385337737,-0.0,1576658849022203922
-0.0,-0.1107612794534863,-0.20420352248333656,0.4646017304604624,-0.0,1576658849032211065
-0.0,-0.1107612794534863,-0.21991148575128555,0.5088495143138397,-0.0,1576658849042205095
-0.0,-0.12083048667653051,-0.18849555921538758,0.4867256223871511,-0.0,1576658849052201986
-0.0,-0.1308996938995747,-0.17278759594743862,0.5088495143138397,-0.0,1576658849062207937
-0.0,-0.1308996938995747,-0.21991148575128555,0.4867256223871511,-0.0,1576658849072205066
-0.0,-0.07048445056130946,-0.23561944901923448,0.5088495143138397,-0.0,1576658849082204103
-0.0,-0.18124573001479574,-0.23561944901923448,0.5088495143138397,-0.0,1576658849092196941
-0.0,-0.05034603611522104,-0.21991148575128555,0.5088495143138397,-0.0,1576658849102225065
-0.0,-0.16110731556870733,-0.23561944901923448,0.5309734062405284,-0.0,1576658849112221002
-0.0,-0.14096890112261892,-0.21991148575128555,0.5088495143138397,-0.0,1576658849122214078
-0.0,-0.060415243338265257,-0.21991148575128555,0.5309734062405284,-0.0,1576658849132183074
-0.0,-0.1510381083456631,-0.25132741228718347,0.4646017304604624,-0.0,1576658849142216920
-0.0,-0.1308996938995747,-0.2827433388230814,0.4867256223871511,-0.0,1576658849152210950
-0.0,-0.04027682889217683,-0.25132741228718347,0.4646017304604624,-0.0,1576658849162209033
-0.0,-0.1510381083456631,-0.23561944901923448,0.4867256223871511,-0.0,1576658849172211885
-0.0,-0.060415243338265257,-0.21991148575128555,0.4646017304604624,-0.0,1576658849182199954
-0.0,-0.12083048667653051,-0.2984513020910303,0.4646017304604624,-0.0,1576658849192208051
-0.0,-0.08055365778435367,-0.26703537555513246,0.4646017304604624,-0.0,1576658849202208042
-0.0,-0.060415243338265257,-0.23561944901923448,0.4424778385337737,-0.0,1576658849212207078
-0.0,-0.1308996938995747,-0.25132741228718347,0.4646017304604624,-0.0,1576658849222209930
-0.0,-0.060415243338265257,-0.2827433388230814,0.4424778385337737,-0.0,1576658849232211112
-0.0,-0.060415243338265257,-0.25132741228718347,0.4646017304604624,-0.0,1576658849242189884
-0.0,-0.1308996938995747,-0.26703537555513246,0.4424778385337737,-0.0,1576658849252212047
-0.0,-0.05034603611522104,-0.20420352248333656,0.3982300546803963,-0.0,1576658849262201070
-0.0,-0.05034603611522104,-0.25132741228718347,0.3982300546803963,-0.0,1576658849272212982
-0.0,-0.09062286500739787,-0.26703537555513246,0.3761061627537077,-0.0,1576658849282207965
-0.0,-0.030207621669132628,-0.25132741228718347,0.3761061627537077,-0.0,1576658849292206048
-0.0,-0.05034603611522104,-0.25132741228718347,0.3761061627537077,-0.0,1576658849302216053
-0.0,-0.05034603611522104,-0.21991148575128555,0.3761061627537077,-0.0,1576658849312211990
-0.0,-0.05034603611522104,-0.23561944901923448,0.33185837890033026,-0.0,1576658849322211027
-0.0,-0.05034603611522104,-0.23561944901923448,0.33185837890033026,-0.0,1576658849332207918
-0.0,-0.030207621669132628,-0.21991148575128555,0.3097344869736416,-0.0,1576658849342216968
-0.0,-0.04027682889217683,-0.23561944901923448,0.3097344869736416,-0.0,1576658849352205991
-0.0,-0.060415243338265257,-0.18849555921538758,0.3097344869736416,-0.0,1576658849362200021
-0.0,-0.04027682889217683,-0.21991148575128555,0.2876105950469529,-0.0,1576658849372203111
-0.0,-0.020138414446088417,-0.20420352248333656,0.2654867031202642,-0.0,1576658849382213115
-0.0,-0.04027682889217683,-0.20420352248333656,0.2654867031202642,-0.0,1576658849392206907
-0.0,-0.030207621669132628,-0.15707963267948966,0.2876105950469529,-0.0,1576658849402208089
-0.0,-0.04027682889217683,-0.17278759594743862,0.2876105950469529,-0.0,1576658849412198066
-0.0,-0.010069207223044208,-0.18849555921538758,0.22123891926688685,-0.0,1576658849422208070
-0.0,-0.04027682889217683,-0.18849555921538758,0.1548672434868208,-0.0,1576658849432224035
-0.0,-0.010069207223044208,-0.1413716694115407,0.17699113541350947,-0.0,1576658849442208051
-0.0,-0.030207621669132628,-0.1413716694115407,0.22123891926688685,-0.0,1576658849452176094
-0.0,-0.010069207223044208,-0.10995574287564278,0.22123891926688685,-0.0,1576658849462210893
-0.0,-0.0,-0.1413716694115407,0.06637167578006604,-0.0,1576658849472182989
-0.0,-0.0,-0.1413716694115407,0.022123891926688684,-0.0,1576658849482209920
-0.0,-0.010069207223044208,-0.06283185307179587,0.1327433515601321,-0.0,1576658849492212057
-0.0,-0.0,-0.07853981633974483,0.17699113541350947,-0.0,1576658849502209901
-0.0,-0.0,-0.1413716694115407,0.17699113541350947,-0.0,1576658849512217044
-0.0,-0.0,-0.06283185307179587,0.1327433515601321,-0.0,1576658849522211074
-0.0,0.010069207223044208,-0.06283185307179587,0.06637167578006604,-0.0,1576658849532207012
-0.0,-0.0,-0.10995574287564278,0.022123891926688684,-0.0,1576658849542210102
-0.0,0.010069207223044208,-0.047123889803846894,0.022123891926688684,-0.0,1576658849552207946
-0.0,-0.0,-0.031415926535897934,0.11061945963344343,-0.0,1576658849562218904
-0.0,0.020138414446088417,-0.07853981633974483,0.08849556770675474,-0.0,1576658849572180032
-0.0,-0.010069207223044208,0.0,-0.0,-0.0,1576658849582180023
-0.0,0.010069207223044208,-0.015707963267948967,-0.06637167578006604,-0.0,1576658849592211961
-0.0,-0.0,0.0,0.022123891926688684,-0.0,1576658849602229118
-0.0,-0.0,0.0,0.06637167578006604,-0.0,1576658849612211942
-0.0,-0.0,0.031415926535897934,-0.022123891926688684,-0.0,1576658849622198104
-0.0,-0.0,0.0,-0.08849556770675474,-0.0,1576658849632210016
-0.0,-0.0,0.031415926535897934,-0.022123891926688684,-0.0,1576658849642179965
-0.0,-0.030207621669132628,0.07853981633974483,0.022123891926688684,-0.0,1576658849652204990
-0.0,-0.0,0.031415926535897934,-0.022123891926688684,-0.0,1576658849662204980
-0.0,-0.010069207223044208,0.07853981633974483,-0.08849556770675474,-0.0,1576658849672204017
-0.0,-0.0,0.031415926535897934,-0.11061945963344343,-0.0,1576658849682173013
-0.0,-0.05034603611522104,0.10995574287564278,-0.022123891926688684,-0.0,1576658849692207098
-0.0,-0.010069207223044208,0.07853981633974483,-0.022123891926688684,-0.0,1576658849702209949
-0.0,-0.020138414446088417,0.031415926535897934,-0.06637167578006604,-0.0,1576658849712176084
-0.0,-0.020138414446088417,0.15707963267948966,-0.11061945963344343,-0.0,1576658849722209930
-0.0,-0.04027682889217683,0.12566370614359174,-0.1327433515601321,-0.0,1576658849732208967
-0.0,-0.030207621669132628,0.10995574287564278,-0.1327433515601321,-0.0,1576658849742209911
-0.0,-0.030207621669132628,0.1413716694115407,-0.06637167578006604,-0.0,1576658849752208948
-0.0,-0.030207621669132628,0.047123889803846894,-0.022123891926688684,-0.0,1576658849762240886
-0.0,-0.04027682889217683,0.17278759594743862,-0.08849556770675474,-0.0,1576658849772208929
-0.0,-0.05034603611522104,0.17278759594743862,-0.19911502734019815,-0.0,1576658849782140970
-0.0,-0.04027682889217683,0.12566370614359174,-0.17699113541350947,-0.0,1576658849792238950
-0.0,-0.060415243338265257,0.15707963267948966,-0.04424778385337737,-0.0,1576658849802206039
-0.0,-0.05034603611522104,0.17278759594743862,0.022123891926688684,-0.0,1576658849812202930
-0.0,-0.04027682889217683,0.17278759594743862,-0.06637167578006604,-0.0,1576658849822208881
-0.0,-0.060415243338265257,0.15707963267948966,-0.1548672434868208,-0.0,1576658849832220077
-0.0,-0.030207621669132628,0.17278759594743862,-0.17699113541350947,-0.0,1576658849842206954
-0.0,-0.05034603611522104,0.17278759594743862,-0.1548672434868208,-0.0,1576658849852171897
-0.0,-0.10069207223044208,0.18849555921538758,-0.1327433515601321,-0.0,1576658849862207889
-0.0,-0.04027682889217683,0.17278759594743862,-0.08849556770675474,-0.0,1576658849872203111
-0.0,-0.060415243338265257,0.15707963267948966,-0.06637167578006604,-0.0,1576658849882216930
-0.0,-0.060415243338265257,0.15707963267948966,-0.06637167578006604,-0.0,1576658849892205953
-0.0,-0.08055365778435367,0.20420352248333656,-0.1327433515601321,-0.0,1576658849902208089
-0.0,-0.05034603611522104,0.21991148575128555,-0.1327433515601321,-0.0,1576658849912173032
-0.0,-0.060415243338265257,0.17278759594743862,-0.11061945963344343,-0.0,1576658849922209024
-0.0,-0.09062286500739787,0.18849555921538758,-0.08849556770675474,-0.0,1576658849932207107
-0.0,-0.060415243338265257,0.17278759594743862,-0.08849556770675474,-0.0,1576658849942204952
-0.0,-0.04027682889217683,0.17278759594743862,-0.1327433515601321,-0.0,1576658849952207088
-0.0,-0.1308996938995747,0.20420352248333656,-0.1548672434868208,-0.0,1576658849962204933
-0.0,-0.030207621669132628,0.20420352248333656,-0.11061945963344343,-0.0,1576658849972206115
-0.0,-0.12083048667653051,0.18849555921538758,-0.06637167578006604,-0.0,1576658849982204914
-0.0,-0.060415243338265257,0.21991148575128555,-0.04424778385337737,-0.0,1576658849992203950
-0.0,-0.060415243338265257,0.09424777960769379,-0.08849556770675474,-0.0,1576658850002202033
-0.0,-0.12083048667653051,0.20420352248333656,-0.1327433515601321,-0.0,1576658850012202978
-0.0,-0.05034603611522104,0.20420352248333656,-0.1327433515601321,-0.0,1576658850022202968
-0.0,-0.08055365778435367,0.20420352248333656,-0.08849556770675474,-0.0,1576658850032200098
-0.0,-0.12083048667653051,0.17278759594743862,-0.0,-0.0,1576658850042206048
-0.0,-0.030207621669132628,0.17278759594743862,-0.04424778385337737,-0.0,1576658850052172899
-0.0,-0.1107612794534863,0.15707963267948966,-0.1548672434868208,-0.0,1576658850062206983
-0.0,-0.07048445056130946,0.20420352248333656,-0.17699113541350947,-0.0,1576658850072206974
-0.0,-0.05034603611522104,0.10995574287564278,-0.1327433515601321,-0.0,1576658850082206010
-0.0,-0.1308996938995747,0.17278759594743862,-0.04424778385337737,-0.0,1576658850092205047
-0.0,-0.05034603611522104,0.17278759594743862,-0.0,-0.0,1576658850102207899
-0.0,-0.08055365778435367,0.15707963267948966,-0.06637167578006604,-0.0,1576658850112210988
-0.0,-0.09062286500739787,0.12566370614359174,-0.1327433515601321,-0.0,1576658850122215032
-0.0,-0.05034603611522104,0.12566370614359174,-0.08849556770675474,-0.0,1576658850132194042
-0.0,-0.10069207223044208,0.15707963267948966,-0.022123891926688684,-0.0,1576658850142208099
-0.0,-0.060415243338265257,0.07853981633974483,-0.04424778385337737,-0.0,1576658850152205944
-0.0,-0.030207621669132628,0.12566370614359174,-0.08849556770675474,-0.0,1576658850162204980
-0.0,-0.09062286500739787,0.1413716694115407,-0.08849556770675474,-0.0,1576658850172199010
-0.0,-0.060415243338265257,0.07853981633974483,-0.022123891926688684,-0.0,1576658850182205915
-0.0,-0.060415243338265257,0.07853981633974483,-0.0,-0.0,1576658850192209959
-0.0,-0.09062286500739787,0.1413716694115407,-0.04424778385337737,-0.0,1576658850202188014
-0.0,-0.030207621669132628,0.06283185307179587,-0.11061945963344343,-0.0,1576658850212208032
-0.0,-0.05034603611522104,0.047123889803846894,-0.1327433515601321,-0.0,1576658850222209930
-0.0,-0.05034603611522104,0.10995574287564278,-0.022123891926688684,-0.0,1576658850232217073
-0.0,-0.030207621669132628,0.031415926535897934,0.04424778385337737,-0.0,1576658850242202043
-0.0,-0.030207621669132628,0.047123889803846894,-0.022123891926688684,-0.0,1576658850252202033
-0.0,-0.04027682889217683,0.09424777960769379,-0.11061945963344343,-0.0,1576658850262204885
-0.0,-0.030207621669132628,0.031415926535897934,-0.11061945963344343,-0.0,1576658850272216081
-0.0,-0.030207621669132628,0.047123889803846894,-0.022123891926688684,-0.0,1576658850282212972
-0.0,-0.010069207223044208,0.031415926535897934,0.06637167578006604,-0.0,1576658850292207956
-0.0,-0.030207621669132628,0.047123889803846894,-0.04424778385337737,-0.0,1576658850302200078
-0.0,-0.020138414446088417,0.047123889803846894,-0.11061945963344343,-0.0,1576658850312201023
-0.0,-0.020138414446088417,0.015707963267948967,-0.06637167578006604,-0.0,1576658850322207927
-0.0,-0.010069207223044208,0.031415926535897934,0.04424778385337737,-0.0,1576658850332205057
-0.0,-0.030207621669132628,0.0,0.04424778385337737,-0.0,1576658850342211008
-0.0,0.020138414446088417,0.015707963267948967,-0.08849556770675474,-0.0,1576658850352206945
-0.0,-0.0,0.0,-0.08849556770675474,-0.0,1576658850362210035
-0.0,-0.0,0.0,-0.022123891926688684,-0.0,1576658850372210979
-0.0,0.010069207223044208,0.0,-0.0,-0.0,1576658850382214069
-0.0,0.020138414446088417,-0.015707963267948967,-0.022123891926688684,-0.0,1576658850392218112
-0.0,0.020138414446088417,0.0,-0.04424778385337737,-0.0,1576658850402204990
-0.0,0.030207621669132628,-0.015707963267948967,-0.04424778385337737,-0.0,1576658850412208080
-0.0,0.020138414446088417,-0.015707963267948967,0.022123891926688684,-0.0,1576658850422177076
-0.0,0.020138414446088417,-0.015707963267948967,-0.0,-0.0,1576658850432207107
-0.0,0.020138414446088417,-0.06283185307179587,-0.04424778385337737,-0.0,1576658850442207098
-0.0,0.020138414446088417,-0.015707963267948967,-0.06637167578006604,-0.0,1576658850452178001
-0.0,0.020138414446088417,-0.031415926535897934,-0.022123891926688684,-0.0,1576658850462204933
-0.0,0.030207621669132628,-0.031415926535897934,0.022123891926688684,-0.0,1576658850472202062
-0.0,0.020138414446088417,-0.015707963267948967,-0.022123891926688684,-0.0,1576658850482209920
-0.0,0.030207621669132628,-0.047123889803846894,-0.04424778385337737,-0.0,1576658850492219924
-0.0,0.030207621669132628,-0.031415926535897934,-0.022123891926688684,-0.0,1576658850502207994
-0.0,0.020138414446088417,-0.031415926535897934,0.022123891926688684,-0.0,1576658850512202024
-0.0,0.04027682889217683,-0.047123889803846894,0.022123891926688684,-0.0,1576658850522206068
-0.0,0.020138414446088417,-0.015707963267948967,-0.04424778385337737,-0.0,1576658850532202959
-0.0,0.020138414446088417,-0.031415926535897934,-0.022123891926688684,-0.0,1576658850542210102
-0.0,0.020138414446088417,-0.031415926535897934,0.022123891926688684,-0.0,1576658850552181005
-0.0,0.020138414446088417,-0.015707963267948967,0.022123891926688684,-0.0,1576658850562203884
-0.0,0.020138414446088417,-0.031415926535897934,-0.022123891926688684,-0.0,1576658850572208881
-0.0,-0.0,0.0,-0.022123891926688684,-0.0,1576658850582207918
-0.0,0.020138414446088417,0.0,0.022123891926688684,-0.0,1576658850592215061
-0.0,-0.0,-0.031415926535897934,-0.0,-0.0,1576658850602209091
-0.0,0.010069207223044208,0.0,-0.0,-0.0,1576658850612185955
-0.0,-0.020138414446088417,0.0,-0.0,-0.0,1576658850622210025
-0.0,-0.010069207223044208,0.0,-0.0,-0.0,1576658850632211923
-0.0,-0.030207621669132628,0.031415926535897934,-0.0,-0.0,1576658850642209053
-0.0,-0.010069207223044208,0.031415926535897934,-0.0,-0.0,1576658850652200937
-0.0,-0.020138414446088417,0.0,0.022123891926688684,-0.0,1576658850662204980
-0.0,-0.04027682889217683,0.07853981633974483,-0.0,-0.0,1576658850672204971
-0.0,-0.04027682889217683,0.031415926535897934,0.022123891926688684,-0.0,1576658850682244062
-0.0,-0.04027682889217683,0.015707963267948967,0.022123891926688684,-0.0,1576658850692213058
-0.0,-0.04027682889217683,0.09424777960769379,0.022123891926688684,-0.0,1576658850702207088
-0.0,-0.05034603611522104,0.031415926535897934,-0.0,-0.0,1576658850712192058
-0.0,-0.05034603611522104,0.06283185307179587,0.022123891926688684,-0.0,1576658850722206115
-0.0,-0.10069207223044208,0.10995574287564278,0.022123891926688684,-0.0,1576658850732202053
-0.0,-0.030207621669132628,0.06283185307179587,-0.0,-0.0,1576658850742208957
-0.0,-0.10069207223044208,0.12566370614359174,0.04424778385337737,-0.0,1576658850752204895
-0.0,-0.060415243338265257,0.12566370614359174,0.04424778385337737,-0.0,1576658850762209892
-0.0,-0.10069207223044208,0.047123889803846894,0.022123891926688684,-0.0,1576658850772212028
-0.0,-0.060415243338265257,0.15707963267948966,-0.0,-0.0,1576658850782212018
-0.0,-0.12083048667653051,0.12566370614359174,0.022123891926688684,-0.0,1576658850792196989
-0.0,-0.12083048667653051,0.12566370614359174,0.06637167578006604,-0.0,1576658850802207946
-0.0,-0.14096890112261892,0.15707963267948966,0.06637167578006604,-0.0,1576658850812206029
-0.0,-0.060415243338265257,0.1413716694115407,0.022123891926688684,-0.0,1576658850822206974
-0.0,-0.1510381083456631,0.1413716694115407,-0.022123891926688684,-0.0,1576658850832209110
-0.0,-0.16110731556870733,0.17278759594743862,0.08849556770675474,-0.0,1576658850842214107
-0.0,-0.08055365778435367,0.17278759594743862,0.1327433515601321,-0.0,1576658850852215051
-0.0,-0.16110731556870733,0.18849555921538758,0.04424778385337737,-0.0,1576658850862205028
-0.0,-0.1510381083456631,0.18849555921538758,-0.022123891926688684,-0.0,1576658850872178077
-0.0,-0.18124573001479574,0.20420352248333656,0.022123891926688684,-0.0,1576658850882193088
-0.0,-0.14096890112261892,0.21991148575128555,0.11061945963344343,-0.0,1576658850892203092
-0.0,-0.16110731556870733,0.1413716694115407,0.11061945963344343,-0.0,1576658850902203083
-0.0,-0.16110731556870733,0.20420352248333656,0.06637167578006604,-0.0,1576658850912201881
-0.0,-0.19131493723783996,0.23561944901923448,0.022123891926688684,-0.0,1576658850922199964
-0.0,-0.17117652279175155,0.26703537555513246,0.06637167578006604,-0.0,1576658850932209968
-0.0,-0.18124573001479574,0.23561944901923448,0.11061945963344343,-0.0,1576658850942198991
-0.0,-0.16110731556870733,0.20420352248333656,0.11061945963344343,-0.0,1576658850952203989
-0.0,-0.18124573001479574,0.23561944901923448,0.04424778385337737,-0.0,1576658850962203025
-0.0,-0.17117652279175155,0.23561944901923448,0.022123891926688684,-0.0,1576658850972201108
-0.0,-0.20138414446088415,0.25132741228718347,0.08849556770675474,-0.0,1576658850982208967
-0.0,-0.21145335168392837,0.23561944901923448,0.11061945963344343,-0.0,1576658850992233037
-0.0,-0.19131493723783996,0.23561944901923448,0.06637167578006604,-0.0,1576658851002213001
-0.0,-0.20138414446088415,0.26703537555513246,-0.0,-0.0,1576658851012207984
-0.0,-0.2315917661300168,0.23561944901923448,0.022123891926688684,-0.0,1576658851022203922
-0.0,-0.19131493723783996,0.20420352248333656,0.11061945963344343,-0.0,1576658851032208919
-0.0,-0.21145335168392837,0.26703537555513246,0.08849556770675474,-0.0,1576658851042207002
-0.0,-0.17117652279175155,0.25132741228718347,0.08849556770675474,-0.0,1576658851052206993
-0.0,-0.18124573001479574,0.21991148575128555,0.04424778385337737,-0.0,1576658851062211990
-0.0,-0.21145335168392837,0.25132741228718347,0.04424778385337737,-0.0,1576658851072218894
-0.0,-0.20138414446088415,0.23561944901923448,0.08849556770675474,-0.0,1576658851082205057
-0.0,-0.19131493723783996,0.21991148575128555,0.11061945963344343,-0.0,1576658851092215061
-0.0,-0.18124573001479574,0.23561944901923448,0.11061945963344343,-0.0,1576658851102212905
-0.0,-0.17117652279175155,0.21991148575128555,0.022123891926688684,-0.0,1576658851112185955
-0.0,-0.2215225589069726,0.23561944901923448,-0.0,-0.0,1576658851122174978
-0.0,-0.19131493723783996,0.21991148575128555,0.08849556770675474,-0.0,1576658851132184028
-0.0,-0.14096890112261892,0.21991148575128555,0.11061945963344343,-0.0,1576658851142211914
-0.0,-0.21145335168392837,0.21991148575128555,0.04424778385337737,-0.0,1576658851152204990
-0.0,-0.1510381083456631,0.20420352248333656,0.022123891926688684,-0.0,1576658851162209987
-0.0,-0.1510381083456631,0.18849555921538758,-0.0,-0.0,1576658851172209024
-0.0,-0.19131493723783996,0.23561944901923448,0.06637167578006604,-0.0,1576658851182213068
-0.0,-0.14096890112261892,0.18849555921538758,0.11061945963344343,-0.0,1576658851192198038
-0.0,-0.16110731556870733,0.18849555921538758,0.04424778385337737,-0.0,1576658851202219963
-0.0,-0.14096890112261892,0.18849555921538758,-0.022123891926688684,-0.0,1576658851212204933
-0.0,-0.1510381083456631,0.18849555921538758,0.04424778385337737,-0.0,1576658851222208023
-0.0,-0.1510381083456631,0.15707963267948966,0.08849556770675474,-0.0,1576658851232209920
-0.0,-0.1308996938995747,0.07853981633974483,0.11061945963344343,-0.0,1576658851242213010
-0.0,-0.08055365778435367,0.20420352248333656,0.022123891926688684,-0.0,1576658851252213001
-0.0,-0.1510381083456631,0.18849555921538758,-0.022123891926688684,-0.0,1576658851262211084
-0.0,-0.14096890112261892,0.07853981633974483,0.06637167578006604,-0.0,1576658851272206068
-0.0,-0.07048445056130946,0.15707963267948966,0.08849556770675474,-0.0,1576658851282207965
-0.0,-0.1308996938995747,0.07853981633974483,0.022123891926688684,-0.0,1576658851292205095
-0.0,-0.07048445056130946,0.15707963267948966,-0.0,-0.0,1576658851302206039
-0.0,-0.12083048667653051,0.1413716694115407,-0.0,-0.0,1576658851312218904
-0.0,-0.04027682889217683,0.06283185307179587,0.08849556770675474,-0.0,1576658851322206020
-0.0,-0.1308996938995747,0.1413716694115407,0.08849556770675474,-0.0,1576658851332205057
-0.0,-0.04027682889217683,0.06283185307179587,0.022123891926688684,-0.0,1576658851342175960
-0.0,-0.060415243338265257,0.047123889803846894,-0.04424778385337737,-0.0,1576658851352202892
-0.0,-0.12083048667653051,0.12566370614359174,-0.0,-0.0,1576658851362193107
-0.0,-0.030207621669132628,0.047123889803846894,0.08849556770675474,-0.0,1576658851372205972
-0.0,-0.07048445056130946,0.031415926535897934,0.04424778385337737,-0.0,1576658851382216930
-0.0,-0.030207621669132628,0.09424777960769379,-0.04424778385337737,-0.0,1576658851392210960
-0.0,-0.04027682889217683,0.047123889803846894,-0.022123891926688684,-0.0,1576658851402209997
-0.0,-0.05034603611522104,0.031415926535897934,0.04424778385337737,-0.0,1576658851412209987
-0.0,-0.04027682889217683,0.047123889803846894,0.06637167578006604,-0.0,1576658851422209978
-0.0,-0.04027682889217683,0.047123889803846894,-0.0,-0.0,1576658851432234048
-0.0,-0.04027682889217683,0.031415926535897934,-0.06637167578006604,-0.0,1576658851442205905
-0.0,-0.0,0.015707963267948967,-0.0,-0.0,1576658851452208995
-0.0,-0.030207621669132628,0.031415926535897934,0.04424778385337737,-0.0,1576658851462203979
-0.0,-0.0,0.015707963267948967,-0.0,-0.0,1576658851472206115
-0.0,-0.04027682889217683,0.015707963267948967,-0.04424778385337737,-0.0,1576658851482206106
-0.0,-0.0,0.015707963267948967,-0.0,-0.0,1576658851492211103
-0.0,-0.020138414446088417,0.015707963267948967,0.06637167578006604,-0.0,1576658851502207040
-0.0,-0.0,0.0,-0.0,-0.0,1576658851512213945
-0.0,-0.0,0.0,-0.0,-0.0,1576658851522217035
-0.0,-0.0,0.0,-0.04424778385337737,-0.0,1576658851532211065
-0.0,-0.010069207223044208,0.0,-0.0,-0.0,1576658851542210102
-0.0,-0.010069207223044208,0.0,0.022123891926688684,-0.0,1576658851552210092
-0.0,-0.0,0.0,-0.0,-0.0,1576658851562211990
-0.0,-0.010069207223044208,0.0,-0.022123891926688684,-0.0,1576658851572211027
-0.0,-0.0,0.0,-0.0,-0.0,1576658851582210063
-0.0,-0.0,0.0,-0.0,-0.0,1576658851592242956
