arm_joint_1.eff,arm_joint_2.eff,arm_joint_3.eff,arm_joint_4.eff,arm_joint_5.eff,time_stamp
-0.0,0.073164,0.07035000000000001,-0.07242,-0.0,1576658841601912975
-0.0,0.073164,0.07035000000000001,-0.07242,-0.0,1576658841602152109
-0.0,0.073164,0.07035000000000001,-0.07242,-0.0,1576658841612198114
-0.0,0.073164,0.07035000000000001,-0.07242,-0.0,1576658841622220039
-0.0,0.073164,0.07035000000000001,-0.07242,-0.0,1576658841632210969
-0.0,0.073164,0.07035000000000001,-0.07242,-0.0,1576658841642210006
-0.0,0.12019800000000001,0.07035000000000001,-0.076041,-0.0,1576658841652205944
-0.0,0.177684,0.07035000000000001,-0.083283,-0.0,1576658841662214994
-0.0,-0.6584760000000002,0.07035000000000001,-0.090525,-0.0,1576658841672220945
-0.0,0.08361600000000001,0.07035000000000001,-0.264333,-0.0,1576658841682208061
-0.0,-0.5539560000000001,0.07035000000000001,0.0036209999999999997,-0.0,1576658841692209005
-0.0,-1.3901160000000001,0.0938,-0.083283,-0.0,1576658841702198982
-0.0,-0.60099,0.15075,-0.6771269999999999,-0.0,1576658841712207078
-0.0,-1.9545240000000002,0.15745,-0.525045,-0.0,1576658841722204923
-0.0,-0.637572,-0.21105000000000002,0.090525,-0.0,1576658841732206106
-0.0,3.062436,0.20435,0.010863,-0.0,1576658841742209911
-0.0,-1.3483080000000003,0.35175,-0.669885,-0.0,1576658841752207994
-0.0,7.013292000000002,0.59965,-0.6228119999999998,-0.0,1576658841762212038
-0.0,-3.4178040000000003,0.8643000000000001,-0.47435099999999997,-0.0,1576658841772208929
-0.0,1.9388460000000003,0.1876,-0.11949299999999999,-0.0,1576658841782203912
-0.0,5.597046,1.41705,0.188292,-0.0,1576658841792215108
-0.0,1.5887040000000001,-0.17085,-0.532287,-0.0,1576658841802213907
-0.0,7.086456000000001,0.871,-0.48159299999999994,-0.0,1576658841812208890
-0.0,4.787016,0.23785,-0.22450199999999998,-0.0,1576658841822206974
-0.0,2.6966160000000006,1.7956,0.503319,-0.0,1576658841832209110
-0.0,5.476848,-0.47905,-0.12673500000000001,-0.0,1576658841842219114
-0.0,1.0190700000000001,1.8324500000000001,-0.43451999999999996,-0.0,1576658841852205991
-0.0,5.706792000000002,1.4974500000000002,-0.9957750000000001,-0.0,1576658841862175941
-0.0,5.952414,1.4874,-0.6336749999999999,-0.0,1576658841872205018
-0.0,2.7488760000000005,-0.36850000000000005,-0.27157499999999996,-0.0,1576658841882208108
-0.0,0.6950580000000001,-0.40535,-0.028967999999999997,-0.0,1576658841892209053
-0.0,5.330520000000001,1.8190500000000003,-0.083283,-0.0,1576658841902205944
-0.0,0.820482,1.16245,0.07242,-0.0,1576658841912205934
-0.0,5.753826,1.48405,-0.293301,-0.0,1576658841922174930
-0.0,1.029522,1.8860499999999998,-0.6409169999999998,-0.0,1576658841932205915
-0.0,5.921058000000001,2.1138500000000002,-0.807483,-0.0,1576658841942209005
-0.0,2.7854580000000007,2.2344500000000003,-0.33675299999999997,-0.0,1576658841952208042
-0.0,1.9545240000000002,0.8240999999999999,0.014483999999999999,-0.0,1576658841962208986
-0.0,1.886586,2.345,-0.13397699999999998,-0.0,1576658841972208023
-0.0,1.7089020000000001,2.7537,-0.39468899999999996,-0.0,1576658841982206106
-0.0,3.6059400000000004,-1.7788500000000003,-0.550392,-0.0,1576658841992204904
-0.0,4.316676,1.42375,-0.6010859999999999,-0.0,1576658842002202987
-0.0,4.3793880000000005,1.2428500000000002,-0.235365,-0.0,1576658842012207031
-0.0,3.7993020000000004,1.34335,-0.499698,-0.0,1576658842022206068
-0.0,0.5591820000000001,1.0921,-0.44900399999999996,-0.0,1576658842032187938
-0.0,7.755384000000001,1.3668,-0.188292,-0.0,1576658842042210102
-0.0,6.203262000000001,2.2847000000000004,-0.445383,-0.0,1576658842052206993
-0.0,6.401850000000001,2.3651,-0.499698,-0.0,1576658842062206029
-0.0,2.623452,0.98825,-0.45262499999999994,-0.0,1576658842072204113
-0.0,0.925002,2.5326,-0.503319,-0.0,1576658842082207918
-0.0,3.3759960000000007,0.7872499999999999,-0.141219,-0.0,1576658842092192888
-0.0,5.8060860000000005,1.8458500000000002,-0.29692199999999996,-0.0,1576658842102205038
-0.0,3.5275500000000006,1.91285,-0.351237,-0.0,1576658842112205028
-0.0,5.142384,0.9279500000000002,-0.30054299999999995,-0.0,1576658842122205018
-0.0,2.7227460000000003,1.7152000000000003,-0.45624599999999993,-0.0,1576658842132208108
-0.0,2.1113040000000005,2.45555,-0.19553399999999999,-0.0,1576658842142204999
-0.0,5.273034,1.39025,-0.358479,-0.0,1576658842152204990
-0.0,0.590538,1.9765,-0.30054299999999995,-0.0,1576658842162197113
-0.0,2.95269,-0.3216,-0.358479,-0.0,1576658842172218084
-0.0,0.5173740000000001,2.0569,-0.10138799999999999,-0.0,1576658842182214021
-0.0,2.9370120000000006,0.31155,-0.358479,-0.0,1576658842192209005
-0.0,5.983770000000001,2.1741500000000005,-0.307785,-0.0,1576658842202209949
-0.0,3.8045280000000004,1.96645,-0.050693999999999996,-0.0,1576658842212213039
-0.0,6.239844000000001,0.5896,-0.20639699999999997,-0.0,1576658842222210884
-0.0,1.5416699999999999,1.7085000000000001,-0.25709099999999996,-0.0,1576658842232215881
-0.0,3.929952,0.9446999999999999,-0.210018,-0.0,1576658842242208957
-0.0,3.84111,1.34,-0.27157499999999996,-0.0,1576658842252203941
-0.0,3.8567880000000003,1.9228999999999998,-0.11949299999999999,-0.0,1576658842262212038
-0.0,3.8254320000000006,1.08875,-0.488835,-0.0,1576658842272218942
-0.0,0.7995780000000001,2.0033,-0.333132,-0.0,1576658842282213926
-0.0,-0.752544,2.3617500000000002,-0.282438,-0.0,1576658842292207002
-0.0,2.9317860000000002,1.4472,-0.141219,-0.0,1576658842302212953
-0.0,3.1721820000000003,1.3601,-0.286059,-0.0,1576658842312213897
-0.0,-0.6689280000000001,0.82745,-0.24260700000000002,-0.0,1576658842322210073
-0.0,-0.146328,1.66495,-0.19191299999999997,-0.0,1576658842332228899
-0.0,2.257632,0.8240999999999999,-0.249849,-0.0,1576658842342211008
-0.0,2.158338,1.1256000000000002,-0.10862999999999999,-0.0,1576658842352200984
-0.0,3.1669560000000003,1.675,-0.26071199999999994,-0.0,1576658842362210988
-0.0,0.62712,1.5209000000000001,-0.21725999999999998,-0.0,1576658842372215986
-0.0,4.447326,1.6884000000000001,-0.06517799999999999,-0.0,1576658842382213115
-0.0,3.093792,2.16075,-0.31864799999999993,-0.0,1576658842392213106
-0.0,2.283762,1.9765,-0.076041,-0.0,1576658842402214050
-0.0,-2.602548,1.7889000000000002,-0.12673500000000001,-0.0,1576658842412209987
-0.0,2.7959100000000006,1.53765,-0.278817,-0.0,1576658842422173976
-0.0,-0.015678,0.54605,-0.23898599999999998,-0.0,1576658842432208061
-0.0,2.1896940000000003,1.4338,-0.401931,-0.0,1576658842442213058
-0.0,0.6062160000000001,1.5075,-0.351237,-0.0,1576658842452203989
-0.0,4.274868,-1.3668,-0.094146,-0.0,1576658842462219953
-0.0,0.271752,-0.52595,-0.054314999999999995,-0.0,1576658842472219944
-0.0,0.088842,0.8944500000000001,-0.11225099999999999,-0.0,1576658842482203960
-0.0,3.741816,-1.44385,-0.166566,-0.0,1576658842492204904
-0.0,0.99294,-0.5661500000000002,-0.123114,-0.0,1576658842502207994
-0.0,1.3169520000000003,1.68505,0.137598,-0.0,1576658842512204885
-0.0,4.661592000000001,-1.0217500000000002,0.054314999999999995,-0.0,1576658842522173881
-0.0,-1.484184,-0.27805,-0.39468899999999996,-0.0,1576658842532205104
-0.0,1.5678,-0.5695,-0.7676519999999999,-0.0,1576658842542210102
-0.0,5.874024000000001,-0.26130000000000003,-0.5178029999999999,-0.0,1576658842552203893
-0.0,2.2419540000000002,-0.6164,0.14484,-0.0,1576658842562203884
-0.0,-3.0781140000000002,-0.2948,0.572118,-0.0,1576658842572204113
-0.0,-2.210598,-0.201,0.7712729999999999,-0.0,1576658842582202911
-0.0,-0.020904000000000002,0.12395,-0.304164,-0.0,1576658842592204093
-0.0,-0.742092,0.18425000000000002,-0.5902229999999999,-0.0,1576658842602174997
-0.0,-0.31356,0.1608,0.32951099999999994,-0.0,1576658842612204074
-0.0,-3.9874380000000005,0.11055000000000001,0.829209,-0.0,1576658842622203111
-0.0,-3.7104600000000003,0.0335,0.684369,-0.0,1576658842632200956
-0.0,-4.724304,-1.5577500000000002,0.12673500000000001,-0.0,1576658842642200946
-0.0,-4.149444000000001,0.0033500000000000005,0.293301,-0.0,1576658842652204036
-0.0,-2.001558,-1.206,0.45624599999999993,-0.0,1576658842662204027
-0.0,-7.342530000000001,-1.08875,0.401931,-0.0,1576658842672194957
-0.0,-2.153112,-2.53595,0.15570299999999995,-0.0,1576658842682173013
-0.0,-5.116254,-0.63315,0.0036209999999999997,-0.0,1576658842692203998
-0.0,-4.034472,-0.72695,0.054314999999999995,-0.0,1576658842702203989
-0.0,-5.377554,-2.2713,0.427278,-0.0,1576658842712203025
-0.0,-4.170348000000001,-0.3417,1.003017,-0.0,1576658842722204923
-0.0,-2.69139,-2.8374500000000005,0.854556,-0.0,1576658842732203960
-0.0,-7.697898000000001,-0.9614499999999999,0.496077,-0.0,1576658842742208957
-0.0,-2.6548080000000005,-0.5427,0.557634,-0.0,1576658842752181053
-0.0,-7.379112,-2.4723,0.19553399999999999,-0.0,1576658842762141942
-0.0,-2.8586220000000004,-1.2596,0.15932399999999997,-0.0,1576658842772171020
-0.0,-5.7486000000000015,-1.7252500000000002,0.6300539999999999,-0.0,1576658842782170057
-0.0,-4.734756000000001,-2.5460000000000003,0.7929989999999999,-0.0,1576658842792201995
-0.0,-4.766112000000001,-1.71185,0.5359079999999999,-0.0,1576658842802211046
-0.0,-5.497752000000001,-2.47565,0.177429,-0.0,1576658842812200069
-0.0,-1.7663880000000003,-0.8576000000000001,0.24260700000000002,-0.0,1576658842822200059
-0.0,-4.9647,-1.71855,0.608328,-0.0,1576658842832191944
-0.0,-3.4909680000000005,-2.2746500000000003,0.557634,-0.0,1576658842842206001
-0.0,-4.243512000000001,-0.6432,0.30054299999999995,-0.0,1576658842852200031
-0.0,-5.1632880000000005,-2.45555,0.47073,-0.0,1576658842862201929
-0.0,-2.1426600000000002,-1.9228999999999998,0.6336749999999999,-0.0,1576658842872200012
-0.0,-3.6947820000000005,-1.4572500000000002,0.38020499999999996,-0.0,1576658842882183074
-0.0,-3.6843300000000005,-1.9798499999999999,0.34037399999999995,-0.0,1576658842892215967
-0.0,-4.630236000000001,-0.33165000000000006,0.5974649999999999,-0.0,1576658842902183055
-0.0,-3.088566,-1.93295,0.557634,-0.0,1576658842912206888
-0.0,-4.651140000000001,-2.4388,0.503319,-0.0,1576658842922211885
-0.0,-3.8776920000000006,-0.7972999999999999,0.351237,-0.0,1576658842932173013
-0.0,-4.0292460000000005,-2.2378,0.41641500000000004,-0.0,1576658842942203044
-0.0,-5.680662000000001,-1.9429999999999998,0.372963,-0.0,1576658842952200889
-0.0,-4.0396980000000005,-1.2428500000000002,0.31864799999999993,-0.0,1576658842962201118
-0.0,-6.422754000000001,-1.7788500000000003,0.5902229999999999,-0.0,1576658842972210884
-0.0,-4.165122,-2.51585,0.333132,-0.0,1576658842982172966
-0.0,-5.691114000000001,-0.7738500000000001,0.39468899999999996,-0.0,1576658842992207050
-0.0,-6.5534040000000005,-1.65155,0.554013,-0.0,1576658843002211093
-0.0,-6.569082,-0.40535,0.293301,-0.0,1576658843012209892
-0.0,-1.301274,-2.08035,0.354858,-0.0,1576658843022219896
-0.0,-1.870908,-2.7202,0.6191909999999999,-0.0,1576658843032213926
-0.0,-4.264416,-0.0737,0.3621,-0.0,1576658843042221069
-0.0,-3.5275500000000006,-1.8123500000000001,0.420036,-0.0,1576658843052211999
-0.0,-0.491244,-2.54935,0.5938439999999999,-0.0,1576658843062210083
-0.0,1.0399740000000002,-0.026800000000000004,0.5359079999999999,-0.0,1576658843072210073
-0.0,-5.116254,-1.47065,0.38744699999999993,-0.0,1576658843082210063
-0.0,-6.067386000000001,-0.22110000000000002,0.554013,-0.0,1576658843092200994
-0.0,-2.999724,-1.51755,0.503319,-0.0,1576658843102188110
-0.0,-4.3793880000000005,-1.3333000000000002,0.351237,-0.0,1576658843112205982
-0.0,-4.504812,-1.8123500000000001,0.5141819999999999,-0.0,1576658843122205018
-0.0,-4.520490000000001,-1.98655,0.568497,-0.0,1576658843132221937
-0.0,-2.957916,-1.3801999999999999,0.3114059999999999,-0.0,1576658843142209053
-0.0,-1.4371500000000004,-0.22780000000000003,0.47797199999999995,-0.0,1576658843152178049
-0.0,-3.882918,-2.5996,0.43451999999999996,-0.0,1576658843162173032
-0.0,-6.103968,-0.94805,0.177429,-0.0,1576658843172204971
-0.0,-2.3360220000000003,-1.2261000000000002,0.546771,-0.0,1576658843182204961
-0.0,-3.036306,-2.4723,0.39106799999999997,-0.0,1576658843192209959
-0.0,-2.2889880000000002,-0.70685,0.354858,-0.0,1576658843202177047
-0.0,-4.138992000000001,-1.42375,0.503319,-0.0,1576658843212193965
-0.0,-1.5887040000000001,-0.1541,0.572118,-0.0,1576658843222213029
-0.0,0.146328,-1.98655,0.3114059999999999,-0.0,1576658843232208967
-0.0,-3.4909680000000005,-2.14735,0.26071199999999994,-0.0,1576658843242209911
-0.0,-3.97176,0.16415000000000002,0.423657,-0.0,1576658843252207040
-0.0,2.309892,-1.58455,0.47797199999999995,-0.0,1576658843262208938
-0.0,-6.569082,-2.44215,0.22812299999999996,-0.0,1576658843272207975
-0.0,-2.461446,-1.34,0.496077,-0.0,1576658843282179117
-0.0,-0.7264140000000001,-1.4606000000000001,0.445383,-0.0,1576658843292212963
-0.0,-5.82699,-2.59625,0.188292,-0.0,1576658843302203893
-0.0,-1.7298060000000002,0.6365000000000001,0.25347000000000003,-0.0,1576658843312210083
-0.0,-1.839552,-1.61805,0.5069400000000001,-0.0,1576658843322196960
-0.0,-1.3744380000000003,-2.3851999999999998,0.46348799999999996,-0.0,1576658843332206010
-0.0,1.12359,-0.6398500000000001,0.31864799999999993,-0.0,1576658843342209100
-0.0,-5.581368,-2.2847000000000004,0.264333,-0.0,1576658843352176904
-0.0,0.9981660000000001,0.42880000000000007,0.5359079999999999,-0.0,1576658843362221956
-0.0,-3.4491600000000004,-1.6415000000000002,0.48521400000000003,-0.0,1576658843372210979
-0.0,-4.510038000000001,-2.9278999999999997,0.13397699999999998,-0.0,1576658843382208108
-0.0,1.7925180000000003,-0.2546,0.28968,-0.0,1576658843392208099
-0.0,-4.750434,-1.8525500000000004,0.44900399999999996,-0.0,1576658843402204990
-0.0,1.2385620000000002,-1.7286000000000001,0.713337,-0.0,1576658843412203073
-0.0,-5.502978000000001,-0.9011500000000001,0.45986699999999997,-0.0,1576658843422205924
-0.0,-5.529108000000001,-0.5427,-0.0,-0.0,1576658843432204961
-0.0,-0.256074,-1.73195,0.26071199999999994,-0.0,1576658843442207098
-0.0,-5.367102,-1.8291000000000002,-0.047073,-0.0,1576658843452203989
-0.0,-6.997614000000001,-1.4572500000000002,1.031985,-0.0,1576658843462203025
-0.0,0.5069220000000001,-0.8911000000000001,0.8835239999999999,-0.0,1576658843472203969
-0.0,2.153112,-1.4773500000000002,0.32226899999999997,-0.0,1576658843482202053
-0.0,-7.520214000000001,-1.3869,-0.959565,-0.0,1576658843492206096
-0.0,3.2610240000000004,-1.26965,-0.41279399999999994,-0.0,1576658843502202987
-0.0,1.369212,0.98825,0.8183459999999999,-0.0,1576658843512207984
-0.0,-8.361600000000001,-1.5879,1.2890759999999999,-0.0,1576658843522203922
-0.0,-2.2262760000000004,0.69345,0.934218,-0.0,1576658843532202005
-0.0,2.001558,-0.01675,0.17018699999999998,-0.0,1576658843542207956
-0.0,-1.12359,0.71355,-0.557634,-0.0,1576658843552206039
-0.0,0.6218940000000001,-0.013400000000000002,-0.7567889999999999,-0.0,1576658843562191963
-0.0,0.6323460000000001,0.31155,-0.09776699999999999,-0.0,1576658843572213888
-0.0,0.637572,0.03015,0.7857569999999999,-0.0,1576658843582179069
-0.0,-0.982488,-0.2948,-0.19191299999999997,-0.0,1576658843592211008
-0.0,0.6689280000000001,0.28475,-0.6481589999999999,-0.0,1576658843602206945
-0.0,2.252406,0.1206,-0.39830999999999994,-0.0,1576658843612205028
-0.0,-0.747318,1.39025,0.15932399999999997,-0.0,1576658843622210979
-0.0,3.8097540000000003,-0.6231,0.17018699999999998,-0.0,1576658843632174968
-0.0,-1.275144,1.3668,-0.6264329999999999,-0.0,1576658843642205953
-0.0,3.830658,-0.8777,-0.7929989999999999,-0.0,1576658843652209997
-0.0,1.7507100000000002,2.8575500000000003,-0.44176199999999993,-0.0,1576658843662209987
-0.0,0.752544,-1.5544,0.018105,-0.0,1576658843672204017
-0.0,3.2610240000000004,2.479,0.15570299999999995,-0.0,1576658843682204008
-0.0,3.18786,2.278,0.12673500000000001,-0.0,1576658843692199945
-0.0,-1.311726,0.80065,-0.021726,-0.0,1576658843702207088
-0.0,5.2312259999999995,2.10045,-0.48521400000000003,-0.0,1576658843712210893
-0.0,0.8152560000000001,-0.44220000000000004,-0.430899,-0.0,1576658843722210884
-0.0,4.013568,1.6683,-0.177429,-0.0,1576658843732189893
-0.0,3.78885,2.01335,-0.246228,-0.0,1576658843742180109
-0.0,-1.4005680000000003,0.6499,-0.401931,-0.0,1576658843752213001
-0.0,4.38984,1.68505,-0.25347000000000003,-0.0,1576658843762237071
-0.0,3.18786,1.1189,0.010863,-0.0,1576658843772212028
-0.0,0.15155400000000002,1.6984500000000002,-0.15570299999999995,-0.0,1576658843782212972
-0.0,4.118088,1.39695,-0.21725999999999998,-0.0,1576658843792213916
-0.0,1.421472,1.5510500000000003,-0.684369,-0.0,1576658843802170038
-0.0,3.10947,0.9313000000000001,-0.5359079999999999,-0.0,1576658843812182903
-0.0,5.058768000000001,1.2127,-0.068799,-0.0,1576658843822212934
-0.0,-0.7002840000000001,1.1590999999999998,-0.23174399999999998,-0.0,1576658843832211971
-0.0,2.372604,1.7286000000000001,-0.28968,-0.0,1576658843842207908
-0.0,5.9576400000000005,1.1490500000000001,-0.343995,-0.0,1576658843852205038
-0.0,-0.30833400000000005,0.3953,-0.090525,-0.0,1576658843862210035
-0.0,2.790684,2.2646000000000006,-0.45986699999999997,-0.0,1576658843872210979
-0.0,1.823874,0.603,-0.20277599999999998,-0.0,1576658843882205963
-0.0,0.282204,0.37185,-0.26071199999999994,-0.0,1576658843892204999
-0.0,4.431648000000001,1.5644500000000001,-0.105009,-0.0,1576658843902209997
-0.0,1.14972,1.0452000000000001,-0.57936,-0.0,1576658843912230968
-0.0,5.01696,1.5309500000000003,-0.32226899999999997,-0.0,1576658843922211885
-0.0,1.1340420000000002,1.0586000000000002,-0.48159299999999994,-0.0,1576658843932202100
-0.0,0.33969000000000005,1.34335,-0.333132,-0.0,1576658843942203044
-0.0,2.19492,0.9916,-0.38020499999999996,-0.0,1576658843952202081
-0.0,5.978544,0.82745,-0.34037399999999995,-0.0,1576658843962173938
-0.0,1.3221780000000003,0.5393500000000001,-0.188292,-0.0,1576658843972218990
-0.0,2.9056560000000005,1.3366500000000001,-0.343995,-0.0,1576658843982204914
-0.0,4.2853200000000005,-0.19095,-0.19191299999999997,-0.0,1576658843992204904
-0.0,1.22811,0.69345,-0.354858,-0.0,1576658844002201080
-0.0,0.33446400000000004,2.2579000000000002,-0.40917299999999995,-0.0,1576658844012208938
-0.0,3.5275500000000006,0.88775,-0.25709099999999996,-0.0,1576658844022203922
-0.0,3.4178040000000003,2.3316,-0.31502699999999995,-0.0,1576658844032207965
-0.0,1.640964,1.139,-0.264333,-0.0,1576658844042208909
-0.0,-0.6637020000000001,1.1725,-0.21725999999999998,-0.0,1576658844052207946
-0.0,4.410744,1.32325,-0.061557,-0.0,1576658844062206983
-0.0,2.7697800000000004,0.27135,-0.430899,-0.0,1576658844072213888
-0.0,1.1915280000000001,1.1590999999999998,-0.38382599999999995,-0.0,1576658844082206010
-0.0,-2.200146,1.9564000000000001,-0.23174399999999998,-0.0,1576658844092211008
-0.0,4.792242000000001,1.3132000000000001,-0.496077,-0.0,1576658844102209091
-0.0,1.4894100000000001,1.6113499999999998,-0.45262499999999994,-0.0,1576658844112206935
-0.0,-3.3185100000000003,2.2445,-0.41279399999999994,-0.0,1576658844122210979
-0.0,1.9492980000000002,1.3567500000000001,-0.47073,-0.0,1576658844132184982
-0.0,0.229944,-0.01675,-0.525045,-0.0,1576658844142204046
-0.0,-2.3203440000000004,1.0586000000000002,-0.26795399999999997,-0.0,1576658844152203083
-0.0,3.84111,1.71855,-0.11225099999999999,-0.0,1576658844162205934
-0.0,2.5659660000000004,1.2093500000000001,-0.275196,-0.0,1576658844172209024
-0.0,2.545062,0.55945,-0.22450199999999998,-0.0,1576658844182204008
-0.0,0.067938,1.4773500000000002,0.018105,-0.0,1576658844192208051
-0.0,2.518932,0.8174,-0.347616,-0.0,1576658844202213048
-0.0,1.6357380000000001,2.0100000000000002,-0.20277599999999998,-0.0,1576658844212208032
-0.0,-1.860456,1.37015,-0.351237,-0.0,1576658844222208976
-0.0,-0.412854,-0.31155,-0.10138799999999999,-0.0,1576658844232208013
-0.0,3.7574940000000003,0.8542500000000001,-0.264333,-0.0,1576658844242177963
-0.0,-1.4476020000000003,0.603,-0.213639,-0.0,1576658844252207994
-0.0,1.7036760000000002,0.34504999999999997,-0.17018699999999998,-0.0,1576658844262212991
-0.0,6.783348,2.3215500000000002,-0.22812299999999996,-0.0,1576658844272209882
-0.0,0.747318,-0.27135,-0.076041,-0.0,1576658844282217025
-0.0,4.651140000000001,-0.05360000000000001,-0.347616,-0.0,1576658844292176008
-0.0,5.440266,0.9112000000000001,-0.30054299999999995,-0.0,1576658844302206993
-0.0,0.146328,1.1925999999999999,-0.043452,-0.0,1576658844312206983
-0.0,5.879250000000001,-0.6900999999999999,-0.20277599999999998,-0.0,1576658844322206974
-0.0,-0.162006,1.1590999999999998,-0.15932399999999997,-0.0,1576658844332205057
-0.0,3.820206,0.9346500000000001,-0.31864799999999993,-0.0,1576658844342200994
-0.0,3.3237360000000007,0.5226000000000001,-0.26795399999999997,-0.0,1576658844352204084
-0.0,0.5278260000000001,-0.4087,-0.22088099999999997,-0.0,1576658844362205982
-0.0,5.037864,0.7604500000000001,0.021726,-0.0,1576658844372201919
-0.0,-2.45622,1.2328,-0.03258899999999999,-0.0,1576658844382204055
-0.0,-2.16879,-0.4757,-0.19191299999999997,-0.0,1576658844392206907
-0.0,7.39479,1.13565,-0.14846099999999998,-0.0,1576658844402204036
-0.0,-7.562022000000002,0.0603,-0.09776699999999999,-0.0,1576658844412177085
-0.0,4.05015,1.16915,-0.25709099999999996,-0.0,1576658844422156095
-0.0,3.63207,0.1809,-0.5178029999999999,-0.0,1576658844432202100
-0.0,-0.925002,1.3467000000000002,-0.36934199999999995,-0.0,1576658844442202091
-0.0,2.4144120000000004,1.0921,-0.123114,-0.0,1576658844452200889
-0.0,-2.957916,1.27635,0.33675299999999997,-0.0,1576658844462202072
-0.0,-2.147886,0.33835,0.20639699999999997,-0.0,1576658844472202062
-0.0,-3.020628,1.8827000000000003,-0.38020499999999996,-0.0,1576658844482206106
-0.0,-0.768222,0.13735,-1.0464689999999999,-0.0,1576658844492218971
-0.0,3.7052340000000004,1.7654500000000002,-0.492456,-0.0,1576658844502207040
-0.0,-0.9668100000000001,1.9899,0.07242,-0.0,1576658844512203931
-0.0,0.036582,-1.6951,0.7966199999999999,-0.0,1576658844522203922
-0.0,-3.020628,-0.6666500000000001,1.0428479999999998,-0.0,1576658844532207965
-0.0,-0.4442100000000001,1.2931000000000001,-0.152082,-0.0,1576658844542210102
-0.0,-0.20381400000000002,1.3065,-0.5359079999999999,-0.0,1576658844552206993
-0.0,-0.8727420000000001,1.3165500000000003,-0.17018699999999998,-0.0,1576658844562208890
-0.0,-0.8309340000000002,-0.6900999999999999,0.44900399999999996,-0.0,1576658844572206974
-0.0,-0.9511320000000001,-0.38525000000000004,0.5938439999999999,-0.0,1576658844582206964
-0.0,-0.245622,-0.43215000000000003,-0.41279399999999994,-0.0,1576658844592211008
-0.0,-0.19858800000000001,-0.0804,-0.709716,-0.0,1576658844602164983
-0.0,-0.20381400000000002,-1.675,0.293301,-0.0,1576658844612215042
-0.0,-0.324012,-0.0871,0.604707,-0.0,1576658844622179031
-0.0,-0.33446400000000004,-2.7168500000000004,-0.054314999999999995,-0.0,1576658844632209062
-0.0,-0.33969000000000005,0.9916,-0.166566,-0.0,1576658844642216920
-0.0,-0.35014200000000006,-1.68505,0.706095,-0.0,1576658844652205944
-0.0,-0.30833400000000005,-1.45055,0.557634,-0.0,1576658844662204980
-0.0,-0.318786,-1.5611000000000002,0.41279399999999994,-0.0,1576658844672215938
-0.0,-0.16723200000000002,-2.5125,0.36572099999999996,-0.0,1576658844682202100
-0.0,-0.067938,-1.5678000000000003,0.6372959999999999,-0.0,1576658844692245960
-0.0,-1.6566420000000002,-1.7085000000000001,0.706095,-0.0,1576658844702171087
-0.0,-0.162006,-2.28805,0.557634,-0.0,1576658844712199926
-0.0,-2.231502,-0.5427,0.5178029999999999,-0.0,1576658844722203969
-0.0,-0.141102,-1.99995,0.38020499999999996,-0.0,1576658844732203960
-0.0,1.1183640000000001,-2.2143500000000005,0.43814099999999995,-0.0,1576658844742202997
-0.0,-1.7350320000000001,-1.7554,0.086904,-0.0,1576658844752177000
-0.0,0.8675160000000001,-1.8391500000000003,0.0036209999999999997,-0.0,1576658844762226104
-0.0,-1.421472,-1.675,0.39830999999999994,-0.0,1576658844772209882
-0.0,-2.9108820000000004,-1.9798499999999999,0.564876,-0.0,1576658844782205104
-0.0,-2.153112,-2.0569,0.307785,-0.0,1576658844792210102
-0.0,3.4805160000000006,-1.6683,0.26795399999999997,-0.0,1576658844802226066
-0.0,2.498028,-0.9078500000000002,0.343995,-0.0,1576658844812216043
-0.0,2.853396000000001,-2.00665,1.017501,-0.0,1576658844822227001
-0.0,3.5118720000000003,-1.61805,0.7712729999999999,-0.0,1576658844832216978
-0.0,3.4857420000000006,-2.29475,0.5214239999999999,-0.0,1576658844842206954
-0.0,2.8743000000000007,-1.1457000000000002,0.278817,-0.0,1576658844852205991
-0.0,4.274868,-0.7671500000000001,0.028967999999999997,-0.0,1576658844862207889
-0.0,2.69139,-2.1105,-0.30054299999999995,-0.0,1576658844872209072
-0.0,6.03603,-2.2478500000000006,0.61557,-0.0,1576658844882201910
-0.0,1.484184,-1.6247500000000001,0.568497,-0.0,1576658844892208099
-0.0,2.147886,-0.8542500000000001,0.10862999999999999,-0.0,1576658844902209043
-0.0,2.947464,-2.04685,0.068799,-0.0,1576658844912226915
-0.0,5.764278000000001,-2.3617500000000002,0.564876,-0.0,1576658844922162055
-0.0,5.388006,-2.5996,1.140615,-0.0,1576658844932208061
-0.0,-2.309892,-1.7721500000000001,0.8835239999999999,-0.0,1576658844942212104
-0.0,6.344364000000001,-2.13395,0.32588999999999996,-0.0,1576658844952208995
-0.0,0.324012,-0.72695,0.086904,-0.0,1576658844962194919
-0.0,5.853120000000001,-2.1574000000000004,-0.3621,-0.0,1576658844972218990
-0.0,5.570916000000001,-2.8073,-0.03258899999999999,-0.0,1576658844982213973
-0.0,0.31356,-1.9597499999999999,0.6228119999999998,-0.0,1576658844992192983
-0.0,3.731364,-1.70515,0.467109,-0.0,1576658845002201080
-0.0,4.802694000000001,-1.5812,0.010863,-0.0,1576658845012212991
-0.0,1.9754280000000002,-2.68,-0.358479,-0.0,1576658845022178888
-0.0,5.638854000000001,-2.53595,-0.17018699999999998,-0.0,1576658845032207965
-0.0,2.048592,-2.3516999999999997,0.716958,-0.0,1576658845042208909
-0.0,3.506646000000001,-2.59625,0.7604099999999999,-0.0,1576658845052211046
-0.0,-0.15678,-1.01505,-0.0036209999999999997,-0.0,1576658845062211036
-0.0,6.203262000000001,-0.7705000000000001,0.054314999999999995,-0.0,1576658845072212934
-0.0,4.661592000000001,-1.6549,0.9305969999999999,-0.0,1576658845082211017
-0.0,1.844778,-1.71185,0.691611,-0.0,1576658845092210054
-0.0,2.7279720000000003,-2.3751499999999997,0.546771,-0.0,1576658845102221965
-0.0,3.778398,-1.2093500000000001,-0.10138799999999999,-0.0,1576658845112215042
-0.0,-1.7350320000000001,-1.08875,0.050693999999999996,-0.0,1576658845122210025
-0.0,3.1251480000000003,-0.5762,0.32951099999999994,-0.0,1576658845132206916
-0.0,6.208488000000001,-0.31825000000000003,0.8111039999999999,-0.0,1576658845142209053
-0.0,1.6984500000000002,-2.5728,-0.007241999999999999,-0.0,1576658845152201890
-0.0,-0.642798,-2.4187000000000003,0.282438,-0.0,1576658845162206888
-0.0,7.096908000000001,-1.97315,0.33675299999999997,-0.0,1576658845172208070
-0.0,2.7488760000000005,-2.4723,0.24260700000000002,-0.0,1576658845182214021
-0.0,4.802694000000001,-0.92125,0.22088099999999997,-0.0,1576658845192219018
-0.0,0.28743,-1.58455,0.20277599999999998,-0.0,1576658845202178001
-0.0,5.152836000000001,-2.2344500000000003,0.286059,-0.0,1576658845212208986
-0.0,-0.8518380000000001,-2.14065,-0.18105,-0.0,1576658845222209930
-0.0,3.6843300000000005,-2.2679500000000004,0.061557,-0.0,1576658845232177019
-0.0,5.529108000000001,-1.8358000000000003,0.31864799999999993,-0.0,1576658845242194890
-0.0,-3.689556,-1.7453500000000002,0.18105,-0.0,1576658845252212047
-0.0,4.447326,-2.16745,-0.39830999999999994,-0.0,1576658845262204885
-0.0,-0.773448,-0.97485,-0.03621,-0.0,1576658845272206068
-0.0,1.5573480000000002,-0.99495,0.6626429999999999,-0.0,1576658845282206058
-0.0,5.262582,-0.86095,0.46348799999999996,-0.0,1576658845292207956
-0.0,-2.450994,-0.6231,-0.45986699999999997,-0.0,1576658845302211999
-0.0,5.314842,-2.0502,-0.20277599999999998,-0.0,1576658845312210083
-0.0,5.5604640000000005,-1.04855,0.6010859999999999,-0.0,1576658845322211980
-0.0,-7.52544,-0.7772,0.31864799999999993,-0.0,1576658845332206964
-0.0,5.879250000000001,-0.9916,-0.3621,-0.0,1576658845342212915
-0.0,3.5432280000000005,-1.2328,-0.5178029999999999,-0.0,1576658845352219104
-0.0,1.8552300000000002,-0.9614499999999999,-0.275196,-0.0,1576658845362219095
-0.0,2.5555140000000005,-1.4673,0.177429,-0.0,1576658845372209072
-0.0,3.4125780000000003,-1.6247500000000001,0.372963,-0.0,1576658845382214069
-0.0,1.870908,-2.1138500000000002,-0.503319,-0.0,1576658845392204046
-0.0,3.5432280000000005,-1.3333000000000002,-0.554013,-0.0,1576658845402198076
-0.0,-2.968368,-0.17085,-0.40917299999999995,-0.0,1576658845412209033
-0.0,-1.369212,-1.3366500000000001,0.13035599999999997,-0.0,1576658845422205924
-0.0,3.5798100000000006,-1.4271,0.23898599999999998,-0.0,1576658845432215929
-0.0,-2.262858,-0.6465500000000001,-0.44900399999999996,-0.0,1576658845442217111
-0.0,-1.3274040000000003,-1.8157000000000003,-0.6010859999999999,-0.0,1576658845452204942
-0.0,-0.762996,-2.16075,-0.3621,-0.0,1576658845462208032
-0.0,3.6947820000000005,-1.1055000000000001,0.188292,-0.0,1576658845472203969
-0.0,-0.16723200000000002,-2.10715,0.36572099999999996,-0.0,1576658845482207059
-0.0,0.141102,-1.6549,0.10862999999999999,-0.0,1576658845492211103
-0.0,-2.0851740000000003,-0.01675,-0.25709099999999996,-0.0,1576658845502240896
-0.0,-0.376272,-0.9179000000000002,-0.213639,-0.0,1576658845512217998
-0.0,0.6114420000000002,-1.8525500000000004,0.44900399999999996,-0.0,1576658845522216081
-0.0,-0.09929400000000001,-2.1775,0.8762819999999999,-0.0,1576658845532218933
-0.0,-0.10974600000000001,-1.00165,0.014483999999999999,-0.0,1576658845542227029
-0.0,-0.114972,-1.66495,-0.264333,-0.0,1576658845552227020
-0.0,-0.12019800000000001,-2.2646000000000006,0.333132,-0.0,1576658845562190055
-0.0,-0.177684,0.1675,0.532287,-0.0,1576658845572213888
-0.0,-0.24039600000000003,-0.6432,0.007241999999999999,-0.0,1576658845582227945
-0.0,-0.245622,0.0871,0.22450199999999998,-0.0,1576658845592215061
-0.0,-0.256074,-0.5962999999999999,0.23174399999999998,-0.0,1576658845602216958
-0.0,-0.26130000000000003,-0.54605,0.137598,-0.0,1576658845612215995
-0.0,-0.271752,1.0452000000000001,0.137598,-0.0,1576658845622205018
-0.0,-0.16723200000000002,1.01505,0.5105609999999999,-0.0,1576658845632220029
-0.0,-0.125424,1.99325,0.36934199999999995,-0.0,1576658845642211914
-0.0,0.031356,-0.2948,0.6191909999999999,-0.0,1576658845652211904
-0.0,-2.309892,2.1138500000000002,0.582981,-0.0,1576658845662204980
-0.0,-1.0399740000000002,2.2512000000000003,0.5395289999999999,-0.0,1576658845672210931
-0.0,-0.81003,0.6566000000000001,0.503319,-0.0,1576658845682212114
-0.0,-2.179242,1.61805,0.46348799999999996,-0.0,1576658845692210912
-0.0,-0.10974600000000001,0.7906,0.41279399999999994,-0.0,1576658845702208995
-0.0,1.98588,1.4974500000000002,0.47797199999999995,-0.0,1576658845712212085
-0.0,-2.2889880000000002,0.88775,0.45624599999999993,-0.0,1576658845722203969
-0.0,1.6879980000000003,1.34,0.7821359999999999,-0.0,1576658845732222080
-0.0,0.266526,0.7604500000000001,0.7350629999999999,-0.0,1576658845742212057
-0.0,2.5555140000000005,1.9564000000000001,0.376584,-0.0,1576658845752211093
-0.0,3.4387080000000005,0.60635,-0.14846099999999998,-0.0,1576658845762208938
-0.0,3.5170980000000007,2.1775,0.19553399999999999,-0.0,1576658845772207021
-0.0,2.7070680000000005,0.2546,0.666264,-0.0,1576658845782200098
-0.0,3.6582000000000003,1.3467000000000002,0.6228119999999998,-0.0,1576658845792206048
-0.0,4.222608000000001,2.18755,0.16294499999999998,-0.0,1576658845802205085
-0.0,5.952414,1.68505,-0.028967999999999997,-0.0,1576658845812211990
-0.0,3.903822000000001,1.6348,0.7242,-0.0,1576658845822139978
-0.0,3.9404040000000005,1.3801999999999999,0.572118,-0.0,1576658845832206010
-0.0,5.178966000000001,1.5276,0.420036,-0.0,1576658845842209100
-0.0,0.8675160000000001,1.5879,0.264333,-0.0,1576658845852210044
-0.0,2.9265600000000007,0.3919500000000001,0.7748939999999999,-0.0,1576658845862205028
-0.0,0.15155400000000002,1.49075,0.9305969999999999,-0.0,1576658845872208118
-0.0,3.2714760000000003,0.7638,0.7821359999999999,-0.0,1576658845882206916
-0.0,2.0329140000000003,0.8944500000000001,0.333132,-0.0,1576658845892214059
-0.0,0.49647,1.3333000000000002,0.420036,-0.0,1576658845902206897
-0.0,4.165122,1.47065,0.821967,-0.0,1576658845912200927
-0.0,-3.3550920000000004,0.8140499999999999,0.8690399999999999,-0.0,1576658845922209978
-0.0,4.57275,1.25625,0.420036,-0.0,1576658845932209014
-0.0,3.3707700000000003,1.38355,-0.36572099999999996,-0.0,1576658845942181110
-0.0,-1.3901160000000001,2.1976,-0.13397699999999998,-0.0,1576658845952210903
-0.0,3.5484540000000004,1.1758499999999998,0.141219,-0.0,1576658845962212085
-0.0,1.0347480000000002,0.9313000000000001,0.702474,-0.0,1576658845972203016
-0.0,-2.0642700000000005,0.28140000000000004,0.32588999999999996,-0.0,1576658845982202053
-0.0,3.041532,1.5678000000000003,0.492456,-0.0,1576658845992201089
-0.0,-0.4285320000000001,2.2713,0.293301,-0.0,1576658846002206087
-0.0,1.964976,2.8408,0.03983099999999999,-0.0,1576658846012206077
-0.0,5.732922,0.60635,0.15570299999999995,-0.0,1576658846022208929
-0.0,2.8586220000000004,0.36515000000000003,0.821967,-0.0,1576658846032177925
-0.0,4.306224,1.2596,0.666264,-0.0,1576658846042211055
-0.0,1.3274040000000003,0.25125000000000003,-0.141219,-0.0,1576658846052211046
-0.0,-0.9615840000000001,1.0318,0.14484,-0.0,1576658846062175989
-0.0,5.952414,0.7839000000000002,0.840072,-0.0,1576658846072206974
-0.0,2.916108000000001,0.8911000000000001,0.7893779999999999,-0.0,1576658846082206964
-0.0,1.5782520000000002,0.9246000000000001,0.13035599999999997,-0.0,1576658846092176914
-0.0,1.3587600000000002,1.04855,-0.018105,-0.0,1576658846102210044
-0.0,2.2785360000000003,0.03685,-0.20639699999999997,-0.0,1576658846112211942
-0.0,3.9560820000000003,0.9078500000000002,0.9305969999999999,-0.0,1576658846122208118
-0.0,0.005226000000000001,1.7085000000000001,0.36572099999999996,-0.0,1576658846132209062
-0.0,1.651416,0.6867500000000001,0.0036209999999999997,-0.0,1576658846142219066
-0.0,3.8672400000000002,1.3601,0.021726,-0.0,1576658846152211904
-0.0,2.571192,0.9246000000000001,0.401931,-0.0,1576658846162214040
-0.0,1.003392,0.26465000000000005,0.31502699999999995,-0.0,1576658846172209024
-0.0,-0.7055100000000001,0.7805500000000001,0.26795399999999997,-0.0,1576658846182209014
-0.0,2.4771240000000003,0.7906,-0.007241999999999999,-0.0,1576658846192207098
-0.0,4.708626000000001,0.9313000000000001,0.343995,-0.0,1576658846202200889
-0.0,1.9022640000000002,1.04185,-0.10862999999999999,-0.0,1576658846212205886
-0.0,-1.1601720000000002,0.026800000000000004,-0.057935999999999994,-0.0,1576658846222210884
-0.0,3.3498660000000005,0.9078500000000002,0.07966199999999998,-0.0,1576658846232213020
-0.0,2.5816440000000003,0.94805,-0.123114,-0.0,1576658846242208003
-0.0,1.98588,-0.7738500000000001,-0.39106799999999997,-0.0,1576658846252203941
-0.0,0.99294,0.51255,-0.23898599999999998,-0.0,1576658846262203931
-0.0,-1.1079120000000002,0.15075,0.21725999999999998,-0.0,1576658846272211074
-0.0,2.592096,0.67,0.467109,-0.0,1576658846282172918
-0.0,1.14972,1.1725,-0.39468899999999996,-0.0,1576658846292207002
-0.0,2.0329140000000003,-0.2479,-0.550392,-0.0,1576658846302201986
-0.0,1.2176580000000004,1.18255,-0.10138799999999999,-0.0,1576658846312202930
-0.0,1.1915280000000001,0.34504999999999997,-0.057935999999999994,-0.0,1576658846322170972
-0.0,-1.09746,-0.2881,-0.5431499999999999,-0.0,1576658846332201004
-0.0,-1.296048,0.58625,-0.5974649999999999,-0.0,1576658846342202901
-0.0,2.6443560000000006,0.6432,-0.561255,-0.0,1576658846352214097
-0.0,4.2487379999999995,-0.70685,-0.525045,-0.0,1576658846362207889
-0.0,0.35014200000000006,0.18425000000000002,-0.38744699999999993,-0.0,1576658846372174978
-0.0,1.2176580000000004,0.22445,-0.354858,-0.0,1576658846382219076
-0.0,1.1915280000000001,0.2412,-0.5178029999999999,-0.0,1576658846392206907
-0.0,2.7070680000000005,0.46230000000000004,-0.582981,-0.0,1576658846402208089
-0.0,-1.12359,-1.24955,-0.43814099999999995,-0.0,1576658846412208080
-0.0,4.076280000000001,0.51255,-0.090525,-0.0,1576658846422173976
-0.0,2.210598,1.5443500000000001,-0.15932399999999997,-0.0,1576658846432204961
-0.0,0.15155400000000002,-1.06865,-0.22088099999999997,-0.0,1576658846442203998
-0.0,-1.0399740000000002,0.31155,-0.068799,-0.0,1576658846452210903
-0.0,-1.886586,1.07535,0.105009,-0.0,1576658846462208986
-0.0,3.652974,0.69345,-0.16294499999999998,-0.0,1576658846472177028
-0.0,0.15155400000000002,0.8442000000000001,-0.6300539999999999,-0.0,1576658846482209920
-0.0,0.7943520000000001,0.5661500000000002,-0.695232,-0.0,1576658846492212057
-0.0,-1.4319240000000004,-1.0854,-0.33675299999999997,-0.0,1576658846502207040
-0.0,2.3778300000000003,0.07705,-0.40917299999999995,-0.0,1576658846512212038
-0.0,2.006784,1.4204,-0.372963,-0.0,1576658846522219896
-0.0,-3.391674,-1.43715,-0.430899,-0.0,1576658846532208919
-0.0,1.6357380000000001,0.7839000000000002,-0.38744699999999993,-0.0,1576658846542208909
-0.0,2.602548,0.3484,-0.557634,-0.0,1576658846552206993
-0.0,-4.515264,-1.0586000000000002,-0.6228119999999998,-0.0,1576658846562210083
-0.0,-3.046758,1.6951,-0.582981,-0.0,1576658846572210073
-0.0,-3.97176,-1.20265,-0.235365,-0.0,1576658846582207918
-0.0,-0.909324,-0.8308000000000001,-0.5105609999999999,-0.0,1576658846592206954
-0.0,-2.3517,-0.41875,-0.47435099999999997,-0.0,1576658846602202892
-0.0,-1.0922340000000001,-0.49915,-0.532287,-0.0,1576658846612209081
-0.0,-5.586594000000001,-1.6984500000000002,-0.20639699999999997,-0.0,1576658846622205972
-0.0,-5.518656000000001,-2.6063,-0.20639699999999997,-0.0,1576658846632206916
-0.0,-5.743374,-1.4941000000000002,-0.20277599999999998,-0.0,1576658846642127990
-0.0,-7.541118000000001,-3.1489999999999996,-0.057935999999999994,-0.0,1576658846652205944
-0.0,-4.661592000000001,-1.9630999999999998,0.38744699999999993,-0.0,1576658846662204027
-0.0,-9.255246000000001,-3.9865,0.028967999999999997,-0.0,1576658846672205924
-0.0,-3.3132840000000003,-3.2361,-0.492456,-0.0,1576658846682203054
-0.0,-3.4073520000000004,-2.1172000000000004,0.010863,-0.0,1576658846692203998
-0.0,-4.46823,-3.8324,0.278817,-0.0,1576658846702209949
-0.0,-6.469788000000001,-3.0652500000000003,0.532287,-0.0,1576658846712203025
-0.0,-3.05721,-1.5142000000000002,0.38744699999999993,-0.0,1576658846722207069
-0.0,-2.3778300000000003,-3.47395,0.343995,-0.0,1576658846732206106
-0.0,-8.398182,-2.9714500000000004,0.28968,-0.0,1576658846742214918
-0.0,-4.353258,-0.9011500000000001,0.354858,-0.0,1576658846752214908
-0.0,-5.14761,-2.9781500000000003,0.19915499999999997,-0.0,1576658846762208938
-0.0,-10.681944000000001,-2.7369499999999998,0.043452,-0.0,1576658846772224903
-0.0,-5.46117,-2.4053,-0.0,-0.0,1576658846782190084
-0.0,-8.513154,-4.030050000000001,0.15932399999999997,-0.0,1576658846792215108
-0.0,-7.269366000000001,-2.4689500000000004,0.6264329999999999,-0.0,1576658846802212953
-0.0,-5.058768000000001,-1.50415,0.7821359999999999,-0.0,1576658846812211036
-0.0,-3.4439340000000005,-2.68,0.6300539999999999,-0.0,1576658846822208881
-0.0,-8.30934,-2.278,0.068799,-0.0,1576658846832207918
-0.0,-6.056934,-2.29475,0.123114,-0.0,1576658846842189073
-0.0,-6.077838000000002,-2.6766500000000004,0.076041,-0.0,1576658846852196931
-0.0,-6.276426000000001,-3.2226999999999997,0.554013,-0.0,1576658846862175941
-0.0,-5.529108000000001,-3.7520000000000007,0.492456,-0.0,1576658846872208118
-0.0,-8.873747999999999,-1.8257500000000002,-0.076041,-0.0,1576658846882210016
-0.0,-6.589986,-2.9111499999999997,0.188292,-0.0,1576658846892205953
-0.0,-8.147334,-3.5677499999999998,0.347616,-0.0,1576658846902204036
-0.0,-6.041256,-2.05355,0.39468899999999996,-0.0,1576658846912204027
-0.0,-6.03603,-2.85085,0.343995,-0.0,1576658846922204017
-0.0,-6.015126,-2.8274,0.5069400000000001,-0.0,1576658846932207107
-0.0,-8.581092,-2.8341,0.568497,-0.0,1576658846942202091
-0.0,-8.565414,-1.61805,0.304164,-0.0,1576658846952205896
-0.0,-5.393232000000001,-3.0418000000000003,0.25709099999999996,-0.0,1576658846962203025
-0.0,-7.049874000000001,-1.5075,0.31864799999999993,-0.0,1576658846972204923
-0.0,-3.1199220000000003,-2.6264000000000003,0.15932399999999997,-0.0,1576658846982204914
-0.0,-6.318234000000001,-2.22105,0.32588999999999996,-0.0,1576658846992213964
-0.0,-8.690838000000001,-1.8257500000000002,0.372963,-0.0,1576658847002177000
-0.0,-5.680662000000001,-2.6063,0.43451999999999996,-0.0,1576658847012212038
-0.0,-5.644080000000001,-2.4723,0.5938439999999999,-0.0,1576658847022214889
-0.0,-8.058492000000001,-2.2110000000000003,0.333132,-0.0,1576658847032207965
-0.0,-5.058768000000001,-2.8005999999999998,0.188292,-0.0,1576658847042208909
-0.0,-2.7697800000000004,-2.75705,0.44900399999999996,-0.0,1576658847052208900
-0.0,-5.7486000000000015,-2.7603999999999997,0.188292,-0.0,1576658847062213897
-0.0,-2.69139,-1.3801999999999999,0.354858,-0.0,1576658847072190999
-0.0,-7.363434000000001,-2.4656,0.39830999999999994,-0.0,1576658847082175970
-0.0,-5.847894,-2.26125,0.25709099999999996,-0.0,1576658847092206001
-0.0,-4.269642,-2.1574000000000004,0.210018,-0.0,1576658847102205991
-0.0,-6.663150000000001,-2.82405,0.3621,-0.0,1576658847112205028
-0.0,-3.63207,-0.7872499999999999,0.21725999999999998,-0.0,1576658847122176885
-0.0,-4.358484,-2.2512000000000003,0.166566,-0.0,1576658847132215976
-0.0,-5.8635720000000005,-2.7336,0.427278,-0.0,1576658847142211914
-0.0,-2.7959100000000006,-2.0971,0.488835,-0.0,1576658847152215957
-0.0,-6.595212000000001,-2.6331000000000007,0.333132,-0.0,1576658847162219047
-0.0,-6.668376000000001,-1.7855500000000002,0.286059,-0.0,1576658847172204971
-0.0,-3.820206,-2.7135000000000002,0.343995,-0.0,1576658847182204008
-0.0,-3.6163920000000003,-3.0987500000000003,0.503319,-0.0,1576658847192204952
-0.0,-5.894928,-2.3014500000000004,0.137598,-0.0,1576658847202174901
-0.0,-6.71541,-3.0418000000000003,0.40917299999999995,-0.0,1576658847212218046
-0.0,-4.2853200000000005,0.1273,0.25709099999999996,-0.0,1576658847222213029
-0.0,-5.947188,-0.55945,0.31502699999999995,-0.0,1576658847232208967
-0.0,-2.8899780000000006,-0.98825,0.264333,-0.0,1576658847242177963
-0.0,-2.9056560000000005,-1.00835,0.22088099999999997,-0.0,1576658847252187967
-0.0,-5.12148,-1.4405000000000001,0.16294499999999998,-0.0,1576658847262190103
-0.0,-4.327128,-1.02845,0.12673500000000001,-0.0,1576658847272212982
-0.0,-2.0381400000000003,-1.3567500000000001,0.18105,-0.0,1576658847282207965
-0.0,-5.926284,-1.2730000000000001,0.13035599999999997,-0.0,1576658847292205095
-0.0,-4.212156000000001,-0.22110000000000002,0.086904,-0.0,1576658847302201986
-0.0,-5.842668000000001,0.201,0.343995,-0.0,1576658847312205076
-0.0,-4.33758,-1.93295,0.19915499999999997,-0.0,1576658847322176933
-0.0,1.20198,0.7839000000000002,0.25347000000000003,-0.0,1576658847332211971
-0.0,-6.48024,1.072,0.0036209999999999997,-0.0,1576658847342199087
-0.0,-1.98588,-0.0402,0.06517799999999999,-0.0,1576658847352209091
-0.0,-1.2228840000000003,1.25625,0.22450199999999998,-0.0,1576658847362212896
-0.0,-7.180524000000001,0.23450000000000004,-0.03983099999999999,-0.0,1576658847372209072
-0.0,-3.4909680000000005,1.3132000000000001,0.22812299999999996,-0.0,1576658847382210016
-0.0,-4.170348000000001,1.3065,0.286059,-0.0,1576658847392148971
-0.0,-4.15467,-0.6164,0.333132,-0.0,1576658847402209997
-0.0,-1.1131380000000002,0.7236,0.19191299999999997,-0.0,1576658847412208080
-0.0,-6.537725999999999,1.03515,0.141219,-0.0,1576658847422204971
-0.0,-1.066104,-0.86095,0.086904,-0.0,1576658847432213068
-0.0,-1.797744,0.43885,-0.054314999999999995,-0.0,1576658847442209005
-0.0,-6.605664,1.43715,-0.0,-0.0,1576658847452203035
-0.0,-0.041808000000000005,0.26130000000000003,0.27157499999999996,-0.0,1576658847462178945
-0.0,-6.997614000000001,0.5628000000000001,0.423657,-0.0,1576658847472199916
-0.0,-5.732922,1.2261000000000002,-0.137598,-0.0,1576658847482202053
-0.0,-0.21426600000000004,0.42880000000000007,-0.18105,-0.0,1576658847492211103
-0.0,-7.211880000000001,-1.1859,0.166566,-0.0,1576658847502198934
-0.0,-6.548178,2.18085,0.745926,-0.0,1576658847512208938
-0.0,-1.3065,-0.26130000000000003,0.691611,-0.0,1576658847522177934
-0.0,-4.9751520000000005,1.02845,0.13035599999999997,-0.0,1576658847532206058
-0.0,-4.980378000000001,1.5879,-0.9487019999999999,-0.0,1576658847542208909
-0.0,-3.752268,1.4405000000000001,-1.093542,-0.0,1576658847552206993
-0.0,-1.3901160000000001,-1.10215,0.29692199999999996,-0.0,1576658847562206983
-0.0,-3.820206,-1.0854,0.669885,-0.0,1576658847572206020
-0.0,-1.285596,-0.31825000000000003,0.010863,-0.0,1576658847582207918
-0.0,0.13065000000000002,-0.6733500000000001,-0.376584,-0.0,1576658847592206954
-0.0,-0.245622,-0.3484,-0.57936,-0.0,1576658847602211952
-0.0,-1.8029700000000002,-0.37185,0.343995,-0.0,1576658847612176895
-0.0,1.087008,-0.07035000000000001,0.18467099999999997,-0.0,1576658847622206926
-0.0,1.8970380000000002,-1.96645,-0.5974649999999999,-0.0,1576658847632203102
-0.0,2.7593280000000004,-2.06695,-0.554013,-0.0,1576658847642204046
-0.0,2.1113040000000005,-2.14735,-0.28968,-0.0,1576658847652224063
-0.0,3.626844,-1.8425,-0.354858,-0.0,1576658847662199974
-0.0,3.0258540000000003,-2.4723,-0.7242,-0.0,1576658847672208070
-0.0,3.8149800000000003,-2.90445,-0.6771269999999999,-0.0,1576658847682228088
-0.0,1.640964,-1.69175,-0.847314,-0.0,1576658847692188024
-0.0,2.492802,-1.3567500000000001,-0.9052499999999999,-0.0,1576658847702225923
-0.0,1.9754280000000002,-2.16745,-0.6554009999999999,-0.0,1576658847712210893
-0.0,6.558630000000001,-2.2679500000000004,-0.40555199999999997,-0.0,1576658847722214937
-0.0,1.3326300000000002,-2.4254,-0.25709099999999996,-0.0,1576658847732209920
-0.0,4.619784,-2.1138500000000002,-0.210018,-0.0,1576658847742207050
-0.0,1.9022640000000002,-2.28135,-0.47797199999999995,-0.0,1576658847752218008
-0.0,1.102686,-2.7268999999999997,-0.959565,-0.0,1576658847762176990
-0.0,5.915832,-1.5744999999999998,-0.695232,-0.0,1576658847772208929
-0.0,0.8936460000000002,-1.12225,-0.6481589999999999,-0.0,1576658847782210111
-0.0,1.4632800000000004,-1.57115,-0.5141819999999999,-0.0,1576658847792211055
-0.0,1.0608780000000002,-3.3098,-0.25347000000000003,-0.0,1576658847802198886
-0.0,1.2333360000000002,-2.66995,-0.7278209999999999,-0.0,1576658847812215089
-0.0,3.611166,-1.5209000000000001,-0.6771269999999999,-0.0,1576658847822175025
-0.0,1.066104,-2.22105,-0.420036,-0.0,1576658847832202911
-0.0,0.27697800000000006,-3.0418000000000003,-0.38020499999999996,-0.0,1576658847842207908
-0.0,5.424588,-2.42205,-0.6409169999999998,-0.0,1576658847852202892
-0.0,1.3639860000000001,-1.4338,-0.5938439999999999,-0.0,1576658847862202882
-0.0,1.9231680000000002,-2.2344500000000003,-0.33675299999999997,-0.0,1576658847872162103
-0.0,1.17585,-2.00665,-0.5105609999999999,-0.0,1576658847882174015
-0.0,4.5309420000000005,-2.9011,-0.6771269999999999,-0.0,1576658847892194032
-0.0,1.3796640000000002,-2.69675,-0.40555199999999997,-0.0,1576658847902209997
-0.0,3.1146960000000004,-1.5577500000000002,-0.36572099999999996,-0.0,1576658847912209987
-0.0,4.593654,-2.7470000000000003,-0.7314419999999999,-0.0,1576658847922210931
-0.0,2.5346100000000003,-2.1172000000000004,-0.47797199999999995,-0.0,1576658847932208061
-0.0,1.7716140000000002,-2.1540500000000002,-0.43451999999999996,-0.0,1576658847942210912
-0.0,1.6357380000000001,-1.3500500000000002,-0.5974649999999999,-0.0,1576658847952204942
-0.0,-0.42330600000000007,-2.04685,-0.33675299999999997,-0.0,1576658847962177991
-0.0,3.4648380000000008,-2.8207,-0.39468899999999996,-0.0,1576658847972207069
-0.0,1.844778,-1.8157000000000003,-0.550392,-0.0,1576658847982217073
-0.0,4.290546,-1.9429999999999998,-0.28968,-0.0,1576658847992212057
-0.0,0.54873,-2.38185,-0.45624599999999993,-0.0,1576658848002201080
-0.0,1.3274040000000003,-1.7252500000000002,-0.40555199999999997,-0.0,1576658848012223005
-0.0,3.6843300000000005,-2.25455,-0.46348799999999996,-0.0,1576658848022212028
-0.0,3.010176,-3.4237,-0.41279399999999994,-0.0,1576658848032211065
-0.0,0.8779680000000001,-2.5694500000000002,-0.467109,-0.0,1576658848042182922
-0.0,3.720912,-2.3014500000000004,-0.41641500000000004,-0.0,1576658848052208900
-0.0,2.4091860000000005,-1.8659500000000002,-0.36572099999999996,-0.0,1576658848062210083
-0.0,-0.564408,-1.1457000000000002,-0.32951099999999994,-0.0,1576658848072220087
-0.0,5.414136000000001,-1.6415000000000002,-0.275196,-0.0,1576658848082212924
-0.0,0.9772620000000001,-1.01505,-0.32226899999999997,-0.0,1576658848092220067
-0.0,4.844502000000001,-2.4388,-0.38382599999999995,-0.0,1576658848102209091
-0.0,0.177684,-1.6415000000000002,-0.22812299999999996,-0.0,1576658848112209081
-0.0,4.159896000000001,-2.04015,-0.282438,-0.0,1576658848122210025
-0.0,4.269642,-1.4002999999999999,-0.34037399999999995,-0.0,1576658848132205963
-0.0,1.128816,-1.8994499999999999,-0.39106799999999997,-0.0,1576658848142211914
-0.0,1.3326300000000002,-2.0100000000000002,-0.23174399999999998,-0.0,1576658848152134895
-0.0,-1.154946,-2.0502,-0.19553399999999999,-0.0,1576658848162204980
-0.0,4.264416,-1.43045,-0.354858,-0.0,1576658848172200918
-0.0,3.4125780000000003,-0.8576000000000001,-0.30054299999999995,-0.0,1576658848182200908
-0.0,1.066104,-2.80395,0.06517799999999999,-0.0,1576658848192210912
-0.0,1.9806540000000001,-1.3936,-0.304164,-0.0,1576658848202205896
-0.0,3.5223240000000002,-1.51755,-0.246228,-0.0,1576658848212193965
-0.0,0.48601800000000006,-1.23615,-0.19915499999999997,-0.0,1576658848222202062
-0.0,1.88136,-2.4254,-0.15570299999999995,-0.0,1576658848232211112
-0.0,3.2767020000000002,-0.7202500000000001,-0.20277599999999998,-0.0,1576658848242209911
-0.0,1.6096080000000001,-0.0402,-0.26071199999999994,-0.0,1576658848252208948
-0.0,3.5745840000000006,-1.3266000000000002,-0.105009,-0.0,1576658848262208938
-0.0,4.201704,-1.73195,-0.050693999999999996,-0.0,1576658848272218942
-0.0,-0.538278,-0.42545,-0.213639,-0.0,1576658848282211065
-0.0,5.194644,-0.52595,-0.057935999999999994,-0.0,1576658848292208909
-0.0,4.1337660000000005,-1.04185,-0.31864799999999993,-0.0,1576658848302227020
-0.0,-0.6584760000000002,-2.07365,-0.47797199999999995,-0.0,1576658848312210083
-0.0,-0.094068,-1.1959499999999998,-0.32588999999999996,-0.0,1576658848322207927
-0.0,3.328962,-0.6298,0.13397699999999998,-0.0,1576658848332207918
-0.0,4.186026000000001,-2.5527,-0.018105,-0.0,1576658848342178106
-0.0,-0.10452000000000002,-1.1758499999999998,-0.07242,-0.0,1576658848352210998
-0.0,3.558906000000001,-1.6783500000000002,-0.22812299999999996,-0.0,1576658848362230062
-0.0,-2.40396,-1.8157000000000003,-0.38382599999999995,-0.0,1576658848372180938
-0.0,3.5380020000000005,0.29814999999999997,-0.23174399999999998,-0.0,1576658848382209062
-0.0,3.051984,-0.8576000000000001,-0.173808,-0.0,1576658848392210960
-0.0,4.4421,-0.9581,0.177429,-0.0,1576658848402206897
-0.0,2.231502,-0.402,-0.083283,-0.0,1576658848412203073
-0.0,-1.4632800000000004,-1.7989500000000003,-0.03621,-0.0,1576658848422208070
-0.0,4.959474000000001,-0.69345,0.123114,-0.0,1576658848432173967
-0.0,1.9336200000000001,-1.5477000000000003,-0.246228,-0.0,1576658848442204952
-0.0,5.293938,-2.1741500000000005,-0.29692199999999996,-0.0,1576658848452208995
-0.0,0.7786740000000001,-0.8107,-0.141219,-0.0,1576658848462198019
-0.0,5.12148,-1.4941000000000002,0.213639,-0.0,1576658848472204923
-0.0,5.367102,-2.84415,0.286059,-0.0,1576658848482212066
-0.0,4.264416,-1.6280999999999999,-0.19191299999999997,-0.0,1576658848492207050
-0.0,2.100852,-1.0519,-0.952323,-0.0,1576658848502211093
-0.0,2.8220400000000003,1.2797000000000003,-0.492456,-0.0,1576658848512203931
-0.0,2.5868700000000002,0.1206,0.166566,-0.0,1576658848522217035
-0.0,0.8622900000000001,-1.7922500000000001,0.952323,-0.0,1576658848532227039
-0.0,-3.7679460000000002,0.8743500000000001,1.0356059999999998,-0.0,1576658848542232990
-0.0,-2.4196380000000004,-0.1474,-0.3114059999999999,-0.0,1576658848552212953
-0.0,4.118088,-0.21775,-0.749547,-0.0,1576658848562227964
-0.0,-0.909324,0.11725000000000002,-0.282438,-0.0,1576658848572216033
-0.0,-2.4248640000000004,-0.6867500000000001,0.847314,-0.0,1576658848582218885
-0.0,-1.1653980000000002,0.0871,0.890766,-0.0,1576658848592211008
-0.0,-0.3605940000000001,-0.59965,0.22812299999999996,-0.0,1576658848602210044
-0.0,1.2228840000000003,-0.5762,-0.496077,-0.0,1576658848612183094
-0.0,-0.54873,-0.51925,-0.372963,-0.0,1576658848622203111
-0.0,-5.142384,-0.871,0.803862,-0.0,1576658848632208108
-0.0,0.33969000000000005,-0.5795499999999999,0.5431499999999999,-0.0,1576658848642191886
-0.0,-7.311174,0.8978,0.19915499999999997,-0.0,1576658848652209997
-0.0,4.290546,-0.44555000000000006,0.25347000000000003,-0.0,1576658848662209987
-0.0,-5.105802000000001,0.21105000000000002,0.5178029999999999,-0.0,1576658848672204017
-0.0,-6.637020000000001,-0.45225000000000004,0.7857569999999999,-0.0,1576658848682204961
-0.0,-4.31145,0.6633000000000001,0.745926,-0.0,1576658848692203998
-0.0,-7.546344,0.0201,0.803862,-0.0,1576658848702204942
-0.0,-4.478682000000001,1.3165500000000003,0.7604099999999999,-0.0,1576658848712205886
-0.0,-6.145776,-0.3953,0.61557,-0.0,1576658848722210884
-0.0,-5.999448,-0.2412,0.467109,-0.0,1576658848732208967
-0.0,0.6950580000000001,-0.25125000000000003,0.32588999999999996,-0.0,1576658848742202997
-0.0,-7.248462000000001,-0.3551,0.492456,-0.0,1576658848752208948
-0.0,-1.269918,-0.067,0.7604099999999999,-0.0,1576658848762206077
-0.0,-7.7710620000000015,-1.4002999999999999,0.916113,-0.0,1576658848772207975
-0.0,-5.01696,-1.9798499999999999,0.557634,-0.0,1576658848782202005
-0.0,-4.91244,-1.61805,0.19553399999999999,-0.0,1576658848792212009
-0.0,0.30310800000000004,-1.2395,0.3621,-0.0,1576658848802215099
-0.0,-5.67021,-2.4924,0.7350629999999999,-0.0,1576658848812208890
-0.0,-4.645914,-1.37015,0.582981,-0.0,1576658848822206020
-0.0,-3.099018,-2.7135000000000002,0.6445379999999999,-0.0,1576658848832209110
-0.0,-7.6665420000000015,-2.1942500000000003,0.492456,-0.0,1576658848842206001
-0.0,-1.870908,-0.94805,0.6590219999999999,-0.0,1576658848852205991
-0.0,-5.769504000000001,-2.1105,0.29692199999999996,-0.0,1576658848862210988
-0.0,-0.585312,-0.8643000000000001,0.45624599999999993,-0.0,1576658848872209072
-0.0,-3.773172,-2.58955,0.307785,-0.0,1576658848882193088
-0.0,-6.997614000000001,-2.1507,0.575739,-0.0,1576658848892206907
-0.0,-5.518656000000001,-0.95475,0.427278,-0.0,1576658848902204036
-0.0,0.736866,-2.412,0.691611,-0.0,1576658848912211894
-0.0,-8.058492000000001,-1.43715,0.43451999999999996,-0.0,1576658848922208070
-0.0,-6.239844000000001,-0.13065000000000002,0.706095,-0.0,1576658848932210922
-0.0,-0.7002840000000001,-1.8324500000000001,0.7640309999999999,-0.0,1576658848942181110
-0.0,-5.6545320000000014,-2.7168500000000004,0.608328,-0.0,1576658848952205896
-0.0,-4.630236000000001,0.26465000000000005,0.564876,-0.0,1576658848962210893
-0.0,-3.84111,-1.0318,0.5141819999999999,-0.0,1576658848972187995
-0.0,-6.851286,-2.98485,0.467109,-0.0,1576658848982207059
-0.0,-2.346474,-0.68005,0.525045,-0.0,1576658848992177963
-0.0,-5.205096,-1.0318,0.47797199999999995,-0.0,1576658849002204895
-0.0,-4.959474000000001,-2.3718,0.5359079999999999,-0.0,1576658849012175083
-0.0,-0.935454,-2.12055,0.698853,-0.0,1576658849022203922
-0.0,-3.9142740000000007,-1.2261000000000002,0.5431499999999999,-0.0,1576658849032211065
-0.0,-5.6649840000000005,-1.9396499999999999,0.39106799999999997,-0.0,1576658849042205095
-0.0,-6.558630000000001,-2.0267500000000003,0.6554009999999999,-0.0,1576658849052201986
-0.0,-3.328962,-2.2713,0.39830999999999994,-0.0,1576658849062207937
-0.0,-1.813422,-1.41705,0.572118,-0.0,1576658849072205066
-0.0,-6.030804000000001,-0.23115000000000002,0.210018,-0.0,1576658849082204103
-0.0,-0.250848,-1.0184,0.47435099999999997,-0.0,1576658849092196941
-0.0,-4.447326,-2.09375,0.528666,-0.0,1576658849102225065
-0.0,-1.7454840000000003,-0.8978,0.27157499999999996,-0.0,1576658849112221002
-0.0,-3.24012,-1.71185,0.5395289999999999,-0.0,1576658849122214078
-0.0,-5.6545320000000014,-1.98655,0.278817,-0.0,1576658849132183074
-0.0,-2.137434,-1.8726500000000004,0.45262499999999994,-0.0,1576658849142216920
-0.0,1.1444940000000001,-0.45225000000000004,0.401931,-0.0,1576658849152210950
-0.0,-6.7885740000000006,-1.3601,0.45262499999999994,-0.0,1576658849162209033
-0.0,-0.9981660000000001,-1.24955,0.40917299999999995,-0.0,1576658849172211885
-0.0,-4.300998000000001,-0.9514,0.467109,-0.0,1576658849182199954
-0.0,-4.588428000000001,-0.0804,0.420036,-0.0,1576658849192208051
-0.0,-3.5484540000000004,-1.5309500000000003,0.372963,-0.0,1576658849202208042
-0.0,-5.14761,-1.6448500000000001,0.5395289999999999,-0.0,1576658849212207078
-0.0,0.8413860000000002,-1.5075,0.278817,-0.0,1576658849222209930
-0.0,-4.05015,-1.8224000000000002,0.44176199999999993,-0.0,1576658849232211112
-0.0,-7.457502000000002,-0.9983,0.28968,-0.0,1576658849242189884
-0.0,-1.4476020000000003,-0.9078500000000002,0.347616,-0.0,1576658849252212047
-0.0,-6.276426000000001,-1.39025,0.5141819999999999,-0.0,1576658849262201070
-0.0,-6.58476,-1.26965,0.3621,-0.0,1576658849272212982
-0.0,0.371046,-0.5159,0.41641500000000004,-0.0,1576658849282207965
-0.0,-6.009900000000001,-0.9145500000000001,0.47435099999999997,-0.0,1576658849292206048
-0.0,-3.5327760000000006,-0.3752,0.32588999999999996,-0.0,1576658849302216053
-0.0,-5.7590520000000005,-1.5410000000000001,0.5938439999999999,-0.0,1576658849312211990
-0.0,-3.3446400000000005,-0.335,0.44176199999999993,-0.0,1576658849322211027
-0.0,-3.381222,-1.1289500000000001,0.39830999999999994,-0.0,1576658849332207918
-0.0,-6.140550000000001,-1.7989500000000003,0.45262499999999994,-0.0,1576658849342216968
-0.0,-0.48079200000000005,0.4690000000000001,0.41279399999999994,-0.0,1576658849352205991
-0.0,-1.5782520000000002,-0.9815499999999999,0.36572099999999996,-0.0,1576658849362200021
-0.0,1.6618680000000003,-1.38355,0.528666,-0.0,1576658849372203111
-0.0,0.162006,-0.5896,0.582981,-0.0,1576658849382213115
-0.0,1.6984500000000002,-0.1943,0.6517799999999999,-0.0,1576658849392206907
-0.0,1.0713300000000001,-1.20265,0.286059,-0.0,1576658849402208089
-0.0,1.88136,-2.1641,0.137598,-0.0,1576658849412198066
-0.0,-0.5069220000000001,-0.4824,0.20639699999999997,-0.0,1576658849422208070
-0.0,0.94068,0.3216,0.568497,-0.0,1576658849432224035
-0.0,-0.371046,-1.6817,0.7386839999999999,-0.0,1576658849442208051
-0.0,-3.2976060000000005,-0.8576000000000001,0.26795399999999997,-0.0,1576658849452176094
-0.0,0.020904000000000002,-1.91955,-0.07242,-0.0,1576658849462210893
-0.0,-1.0922340000000001,-1.4002999999999999,0.28968,-0.0,1576658849472182989
-0.0,-1.2437880000000001,-0.0938,1.3723589999999999,-0.0,1576658849482209920
-0.0,-0.35014200000000006,-1.6214,0.9124919999999999,-0.0,1576658849492212057
-0.0,-0.930228,-2.05355,0.45986699999999997,-0.0,1576658849502209901
-0.0,-0.9145500000000001,0.3082,0.22088099999999997,-0.0,1576658849512217044
-0.0,-0.9040980000000001,-1.87935,-0.41641500000000004,-0.0,1576658849522211074
-0.0,-1.6723200000000003,-1.0921,-0.14484,-0.0,1576658849532207012
-0.0,-0.9145500000000001,-0.65325,0.275196,-0.0,1576658849542210102
-0.0,-0.8309340000000002,0.4757,0.6372959999999999,-0.0,1576658849552207946
-0.0,-0.8309340000000002,-1.8626000000000003,0.27157499999999996,-0.0,1576658849562218904
-0.0,-1.536444,1.7788500000000003,-0.347616,-0.0,1576658849572180032
-0.0,-0.8361600000000001,-0.1608,-0.38744699999999993,-0.0,1576658849582180023
-0.0,-1.546896,0.4958,0.586602,-0.0,1576658849592211961
-0.0,-0.8413860000000002,-0.22110000000000002,0.803862,-0.0,1576658849602229118
-0.0,0.036582,-0.22110000000000002,-0.13035599999999997,-0.0,1576658849612211942
-0.0,-0.768222,1.3634499999999998,-0.32226899999999997,-0.0,1576658849622198104
-0.0,-0.8675160000000001,2.2981000000000003,0.235365,-0.0,1576658849632210016
-0.0,-0.9668100000000001,1.4740000000000002,0.23898599999999998,-0.0,1576658849642179965
-0.0,0.5696340000000001,1.1859,-0.45262499999999994,-0.0,1576658849652204990
-0.0,-0.75777,2.10715,-0.608328,-0.0,1576658849662204980
-0.0,0.65325,0.22445,-0.14846099999999998,-0.0,1576658849672204017
-0.0,-1.0138440000000002,1.742,0.094146,-0.0,1576658849682173013
-0.0,-4.734756000000001,0.6834,-0.264333,-0.0,1576658849692207098
-0.0,-0.05226000000000001,1.608,-0.7386839999999999,-0.0,1576658849702209949
-0.0,-3.7574940000000003,1.9296,-0.5938439999999999,-0.0,1576658849712176084
-0.0,0.6637020000000001,0.22780000000000003,-0.343995,-0.0,1576658849722209930
-0.0,1.9283940000000002,1.3098500000000002,-0.0,-0.0,1576658849732208967
-0.0,-2.7488760000000005,1.8860499999999998,0.25709099999999996,-0.0,1576658849742209911
-0.0,-4.353258,0.4824,-0.061557,-0.0,1576658849752208948
-0.0,-2.8011360000000005,1.70515,-0.31502699999999995,-0.0,1576658849762240886
-0.0,-2.01201,1.03515,-0.6771269999999999,-0.0,1576658849772208929
-0.0,-1.2228840000000003,1.7353,0.19915499999999997,-0.0,1576658849782140970
-0.0,-6.663150000000001,2.2847000000000004,0.984912,-0.0,1576658849792238950
-0.0,-1.4423760000000003,1.675,0.343995,-0.0,1576658849802206039
-0.0,-1.285596,1.7353,-0.5178029999999999,-0.0,1576658849812202930
-0.0,-3.5223240000000002,0.9514,-0.879903,-0.0,1576658849822208881
-0.0,-3.1251480000000003,1.6616000000000002,-0.525045,-0.0,1576658849832220077
-0.0,-6.663150000000001,1.40365,-0.18105,-0.0,1576658849842206954
-0.0,-6.433206000000001,1.4606000000000001,0.076041,-0.0,1576658849852171897
-0.0,-1.95975,1.206,0.105009,-0.0,1576658849862207889
-0.0,-7.081230000000001,1.3199,0.5105609999999999,-0.0,1576658849872203111
-0.0,-4.060602,2.5326,-0.09776699999999999,-0.0,1576658849882216930
-0.0,-4.7190780000000006,2.28805,-0.45986699999999997,-0.0,1576658849892205953
-0.0,-3.2087640000000004,1.4271,-0.41279399999999994,-0.0,1576658849902208089
-0.0,-4.802694000000001,0.6767,-0.15932399999999997,-0.0,1576658849912173032
-0.0,-4.766112000000001,2.2478500000000006,-0.22812299999999996,-0.0,1576658849922209024
-0.0,-2.56074,2.01335,-0.38382599999999995,-0.0,1576658849932207107
-0.0,-5.403684,1.7721500000000001,-0.44176199999999993,-0.0,1576658849942204952
-0.0,-6.704958,2.00665,-0.094146,-0.0,1576658849952207088
-0.0,-1.640964,1.95305,0.061557,-0.0,1576658849962204933
-0.0,-4.739982000000001,1.6783500000000002,0.25347000000000003,-0.0,1576658849972206115
-0.0,-0.30310800000000004,1.4472,-0.10862999999999999,-0.0,1576658849982204914
-0.0,-3.731364,1.1959499999999998,-0.29692199999999996,-0.0,1576658849992203950
-0.0,-4.013568,0.80735,-0.554013,-0.0,1576658850002202033
-0.0,-0.324012,2.9111499999999997,-0.30054299999999995,-0.0,1576658850012202978
-0.0,-5.262582,0.8140499999999999,0.050693999999999996,-0.0,1576658850022202968
-0.0,-7.2798180000000015,0.01675,-0.094146,-0.0,1576658850032200098
-0.0,-0.459888,1.06865,-0.525045,-0.0,1576658850042206048
-0.0,-4.687722000000001,1.8760000000000003,-0.8980079999999999,-0.0,1576658850052172899
-0.0,-3.454386000000001,1.6481999999999999,-0.22812299999999996,-0.0,1576658850062206983
-0.0,-4.959474000000001,0.6398500000000001,0.21725999999999998,-0.0,1576658850072206974
-0.0,-5.435040000000001,0.8375,0.720579,-0.0,1576658850082206010
-0.0,0.533052,1.9698,0.427278,-0.0,1576658850092205047
-0.0,-5.983770000000001,0.5427,-0.213639,-0.0,1576658850102207899
-0.0,-3.8515620000000004,0.52595,-0.47073,-0.0,1576658850112210988
-0.0,-4.018794000000001,1.2093500000000001,0.19191299999999997,-0.0,1576658850122215032
-0.0,-4.4368739999999995,2.41535,0.46348799999999996,-0.0,1576658850132194042
-0.0,-1.4528280000000002,0.335,-0.48159299999999994,-0.0,1576658850142208099
-0.0,-3.626844,2.06695,-0.6372959999999999,-0.0,1576658850152205944
-0.0,-5.884475999999999,1.3567500000000001,-0.38382599999999995,-0.0,1576658850162204980
-0.0,-2.153112,0.33835,-0.03258899999999999,-0.0,1576658850172199010
-0.0,-3.720912,1.6348,-0.13035599999999997,-0.0,1576658850182205915
-0.0,-5.226,2.09375,-0.68799,-0.0,1576658850192209959
-0.0,5.675436000000001,1.40365,-0.7350629999999999,-0.0,1576658850202188014
-0.0,-5.314842,1.29645,-0.286059,-0.0,1576658850212208032
-0.0,-4.4368739999999995,2.0033,0.7676519999999999,-0.0,1576658850222209930
-0.0,-3.1199220000000003,0.25125000000000003,1.136994,-0.0,1576658850232217073
-0.0,-2.592096,2.0167,-0.30054299999999995,-0.0,1576658850242202043
-0.0,-2.6809380000000003,2.80395,-0.5069400000000001,-0.0,1576658850252202033
-0.0,0.245622,-0.03015,-0.03983099999999999,-0.0,1576658850262204885
-0.0,-2.571192,1.50415,0.528666,-0.0,1576658850272216081
-0.0,-4.593654,1.3467000000000002,0.8762819999999999,-0.0,1576658850282212972
-0.0,0.5957640000000001,1.675,-0.293301,-0.0,1576658850292207956
-0.0,1.1444940000000001,2.10715,-0.492456,-0.0,1576658850302200078
-0.0,0.590538,-0.09045,0.06517799999999999,-0.0,1576658850312201023
-0.0,0.40240200000000004,0.5728500000000001,0.557634,-0.0,1576658850322207927
-0.0,-0.15678,-0.5896,0.343995,-0.0,1576658850332205057
-0.0,0.5800860000000001,0.5962999999999999,-0.7278209999999999,-0.0,1576658850342211008
-0.0,-2.3255700000000004,0.2479,-0.36572099999999996,-0.0,1576658850352206945
-0.0,-0.15155400000000002,0.60635,0.45986699999999997,-0.0,1576658850362210035
-0.0,-0.8048040000000001,0.5829,0.304164,-0.0,1576658850372210979
-0.0,-2.174016,0.5293000000000001,-0.076041,-0.0,1576658850382214069
-0.0,-2.1060780000000006,0.8542500000000001,-0.343995,-0.0,1576658850392218112
-0.0,-2.048592,0.45225000000000004,-0.19553399999999999,-0.0,1576658850402204990
-0.0,1.3378560000000002,-1.18255,0.235365,-0.0,1576658850412208080
-0.0,-1.196754,0.7839000000000002,-0.0,-0.0,1576658850422177076
-0.0,-1.9074900000000001,-1.5108500000000002,-0.8002409999999999,-0.0,1576658850432207107
-0.0,-0.067938,1.8994499999999999,-0.45262499999999994,-0.0,1576658850442207098
-0.0,4.6250100000000005,-2.0435000000000003,-0.0,-0.0,1576658850452178001
-0.0,-1.8291000000000002,-0.86095,0.025346999999999998,-0.0,1576658850462204933
-0.0,3.1774080000000002,-0.37855000000000005,-0.12673500000000001,-0.0,1576658850472202062
-0.0,-1.7872920000000003,-1.2998,-0.6228119999999998,-0.0,1576658850482209920
-0.0,4.107636,-0.6264500000000001,-0.36934199999999995,-0.0,1576658850492219924
-0.0,-2.4196380000000004,-0.75375,0.19915499999999997,-0.0,1576658850502207994
-0.0,-1.5991560000000002,-0.9313000000000001,-0.028967999999999997,-0.0,1576658850512202024
-0.0,-1.5834780000000002,-0.1005,-0.829209,-0.0,1576658850522206068
-0.0,0.7943520000000001,-0.8375,-0.38020499999999996,-0.0,1576658850532202959
-0.0,-1.51554,-0.5092,0.18105,-0.0,1576658850542210102
-0.0,-1.6357380000000001,0.8844000000000001,-0.03983099999999999,-0.0,1576658850552181005
-0.0,-0.8622900000000001,-1.45055,-0.528666,-0.0,1576658850562203884
-0.0,-1.6096080000000001,0.7872499999999999,-0.38020499999999996,-0.0,1576658850572208881
-0.0,-0.12019800000000001,-1.3869,0.086904,-0.0,1576658850582207918
-0.0,-1.5416699999999999,-0.42545,-0.123114,-0.0,1576658850592215061
-0.0,-0.193362,-1.3199,-0.03983099999999999,-0.0,1576658850602209091
-0.0,-0.24039600000000003,0.07705,-0.043452,-0.0,1576658850612185955
-0.0,1.2908220000000001,-0.40535,-0.03983099999999999,-0.0,1576658850622210025
-0.0,0.40240200000000004,-0.35845,-0.03983099999999999,-0.0,1576658850632211923
-0.0,-4.745208,1.1959499999999998,-0.021726,-0.0,1576658850642209053
-0.0,1.0922340000000001,1.18255,0.246228,-0.0,1576658850652200937
-0.0,-6.328686000000001,2.5426500000000005,-0.13397699999999998,-0.0,1576658850662204980
-0.0,2.649582,-0.1474,-0.028967999999999997,-0.0,1576658850672204971
-0.0,-3.84111,1.5108500000000002,0.23174399999999998,-0.0,1576658850682244062
-0.0,-3.3132840000000003,2.25455,0.14846099999999998,-0.0,1576658850692213058
-0.0,-4.891536000000001,0.268,-0.13397699999999998,-0.0,1576658850702207088
-0.0,-2.7959100000000006,2.0502,0.333132,-0.0,1576658850712192058
-0.0,-4.065828000000001,2.52255,0.177429,-0.0,1576658850722206115
-0.0,-2.7854580000000007,1.4405000000000001,-0.10862999999999999,-0.0,1576658850732202053
-0.0,-6.840834000000001,0.8743500000000001,0.34037399999999995,-0.0,1576658850742208957
-0.0,-2.3882820000000002,1.0854,0.293301,-0.0,1576658850752204895
-0.0,-5.006508,0.7303000000000001,-0.20277599999999998,-0.0,1576658850762209892
-0.0,-2.8115880000000004,2.0837,0.32951099999999994,-0.0,1576658850772212028
-0.0,-5.853120000000001,1.3132000000000001,0.6735059999999999,-0.0,1576658850782212018
-0.0,-4.59888,1.8425,0.5359079999999999,-0.0,1576658850792196989
-0.0,-3.8567880000000003,1.21605,0.278817,-0.0,1576658850802207946
-0.0,-1.5730260000000003,0.5829,-0.3114059999999999,-0.0,1576658850812206029
-0.0,-5.126706,1.2931000000000001,-0.090525,-0.0,1576658850822206974
-0.0,-4.091958000000001,1.5477000000000003,0.7893779999999999,-0.0,1576658850832209110
-0.0,-1.813422,2.5426500000000005,0.749547,-0.0,1576658850842214107
-0.0,-5.455944000000001,1.3500500000000002,0.083283,-0.0,1576658850852215051
-0.0,-4.384614,0.73365,0.15932399999999997,-0.0,1576658850862205028
-0.0,-3.5850360000000006,2.479,0.5178029999999999,-0.0,1576658850872178077
-0.0,1.1183640000000001,0.5393500000000001,1.093542,-0.0,1576658850882193088
-0.0,-6.762444,0.2747,0.6409169999999998,-0.0,1576658850892203092
-0.0,-3.73659,1.70515,0.28968,-0.0,1576658850902203083
-0.0,-2.9944979999999997,2.28135,0.152082,-0.0,1576658850912201881
-0.0,-3.16173,2.2177000000000002,0.44176199999999993,-0.0,1576658850922199964
-0.0,-3.8985960000000004,1.02845,0.803862,-0.0,1576658850932209968
-0.0,-2.3569260000000005,0.80065,0.351237,-0.0,1576658850942198991
-0.0,-6.32346,2.2378,-0.03983099999999999,-0.0,1576658850952203989
-0.0,-3.3132840000000003,1.3936,-0.123114,-0.0,1576658850962203025
-0.0,-5.732922,2.2244,0.430899,-0.0,1576658850972201108
-0.0,-2.5555140000000005,0.46230000000000004,0.376584,-0.0,1576658850982208967
-0.0,-3.4909680000000005,1.66495,0.021726,-0.0,1576658850992233037
-0.0,-1.9022640000000002,2.3349499999999996,-0.333132,-0.0,1576658851002213001
-0.0,-4.980378000000001,0.38525000000000004,0.5974649999999999,-0.0,1576658851012207984
-0.0,-2.1165300000000005,1.8391500000000003,1.064574,-0.0,1576658851022203922
-0.0,-2.8481700000000005,1.96645,0.608328,-0.0,1576658851032208919
-0.0,-2.8690740000000003,1.06865,0.45986699999999997,-0.0,1576658851042207002
-0.0,-4.36371,1.7721500000000001,0.32226899999999997,-0.0,1576658851052206993
-0.0,-6.025578000000001,2.78385,0.5105609999999999,-0.0,1576658851062211990
-0.0,-3.0154020000000004,1.5577500000000002,0.8762819999999999,-0.0,1576658851072218894
-0.0,-2.9944979999999997,1.66495,0.532287,-0.0,1576658851082205057
-0.0,-2.9840459999999998,1.6616000000000002,0.07966199999999998,-0.0,1576658851092215061
-0.0,-4.692948,2.10715,-0.38020499999999996,-0.0,1576658851102212905
-0.0,-3.7052340000000004,0.7470500000000001,-0.094146,-0.0,1576658851112185955
-0.0,-1.6775460000000002,1.9429999999999998,0.6626429999999999,-0.0,1576658851122174978
-0.0,-2.372604,0.80735,0.401931,-0.0,1576658851132184028
-0.0,-6.145776,1.4137,-0.38382599999999995,-0.0,1576658851142211914
-0.0,0.6584760000000002,1.742,-0.213639,-0.0,1576658851152204990
-0.0,-3.903822000000001,1.8492000000000002,0.32588999999999996,-0.0,1576658851162209987
-0.0,-7.060326000000001,1.4137,0.611949,-0.0,1576658851172209024
-0.0,0.648024,1.7520500000000003,0.568497,-0.0,1576658851182213068
-0.0,-7.018518000000001,1.29645,0.20277599999999998,-0.0,1576658851192198038
-0.0,-3.2871540000000006,1.742,0.307785,-0.0,1576658851202219963
-0.0,-4.870632000000001,1.6314499999999998,0.6264329999999999,-0.0,1576658851212204933
-0.0,-3.9874380000000005,0.1943,1.0971629999999999,-0.0,1576658851222208023
-0.0,-1.6827720000000004,1.22945,0.5431499999999999,-0.0,1576658851232209920
-0.0,-2.4196380000000004,1.6415000000000002,-0.33675299999999997,-0.0,1576658851242213010
-0.0,-5.377554,1.4137,-0.083283,-0.0,1576658851252213001
-0.0,-2.5816440000000003,1.5343000000000002,0.702474,-0.0,1576658851262211084
-0.0,-0.073164,1.5744999999999998,0.6481589999999999,-0.0,1576658851272206068
-0.0,-5.8060860000000005,0.6432,-0.007241999999999999,-0.0,1576658851282207965
-0.0,-2.2158240000000005,1.139,-0.03983099999999999,-0.0,1576658851292205095
-0.0,-5.936736,0.5795499999999999,0.19915499999999997,-0.0,1576658851302206039
-0.0,1.7611620000000001,-0.21440000000000003,0.7785149999999998,-0.0,1576658851312218904
-0.0,-6.913998,2.2478500000000006,0.20277599999999998,-0.0,1576658851322206020
-0.0,1.369212,0.11390000000000002,-0.22450199999999998,-0.0,1576658851332205057
-0.0,-5.158062,1.22275,-0.554013,-0.0,1576658851342175960
-0.0,-5.973318000000001,2.8408,0.10862999999999999,-0.0,1576658851352202892
-0.0,8.267532000000001,-0.19765,0.749547,-0.0,1576658851362193107
-0.0,-3.9456300000000004,-1.0117,-0.264333,-0.0,1576658851372205972
-0.0,-4.38984,2.61635,-0.702474,-0.0,1576658851382216930
-0.0,-3.9142740000000007,1.26965,-0.24260700000000002,-0.0,1576658851392210960
-0.0,-3.302832,-0.6633000000000001,0.31502699999999995,-0.0,1576658851402209997
-0.0,-1.087008,1.5443500000000001,0.376584,-0.0,1576658851412209987
-0.0,1.525992,1.2629500000000002,-0.24260700000000002,-0.0,1576658851422209978
-0.0,1.7141280000000003,-0.6867500000000001,-0.6554009999999999,-0.0,1576658851432234048
-0.0,2.4875760000000002,1.5812,-0.007241999999999999,-0.0,1576658851442205905
-0.0,0.193362,-0.23115000000000002,0.611949,-0.0,1576658851452208995
-0.0,-4.2278340000000005,1.1323000000000003,-0.22812299999999996,-0.0,1576658851462203979
-0.0,0.3658200000000001,0.11055000000000001,-0.44176199999999993,-0.0,1576658851472206115
-0.0,0.7891260000000001,0.1206,0.010863,-0.0,1576658851482206106
-0.0,-0.5278260000000001,0.07705,0.5105609999999999,-0.0,1576658851492211103
-0.0,-3.5118720000000003,0.42545,-0.11225099999999999,-0.0,1576658851502207040
-0.0,-0.3292380000000001,0.38525000000000004,0.010863,-0.0,1576658851512213945
-0.0,-0.48079200000000005,0.34504999999999997,-0.467109,-0.0,1576658851522217035
-0.0,-0.5278260000000001,0.335,0.32588999999999996,-0.0,1576658851532211065
-0.0,0.18291000000000004,0.32495,0.03983099999999999,-0.0,1576658851542210102
-0.0,-0.57486,0.31825000000000003,-0.11949299999999999,-0.0,1576658851552210092
-0.0,-0.5226000000000001,0.3149,0.057935999999999994,-0.0,1576658851562211990
-0.0,-0.5173740000000001,0.33835,0.06517799999999999,-0.0,1576658851572211027
-0.0,-0.512148,0.30485,0.061557,-0.0,1576658851582210063
-0.0,-0.459888,0.3015,0.061557,-0.0,1576658851592242956
