arm_joint_1.vel,arm_joint_2.vel,arm_joint_3.vel,arm_joint_4.vel,arm_joint_5.vel,time_stamp
-0.0,-0.0,0.0,-0.0,-0.0,1576595814000159025
-0.0,-0.0,0.0,-0.0,-0.0,1576595814000473022
-0.0,-0.0,0.0,-0.0,-0.0,1576595814010416984
-0.0,-0.0,0.0,-0.0,-0.0,1576595814020421028
-0.0,-0.0,0.0,-0.0,-0.0,1576595814030472040
-0.0,-0.0,0.0,-0.0,-0.0,1576595814040411949
-0.0,0.0006712804815362806,0.0,-0.0014749261284459122,-0.0,1576595814050420045
-0.0,0.0013425609630725612,0.0,-0.0029498522568918244,-0.0,1576595814060406923
-0.0,0.0013425609630725612,0.0,-0.004424778385337737,-0.0,1576595814070396900
-0.0,0.0020138414446088417,0.0,-0.007374630642229561,-0.0,1576595814080439090
-0.0,-0.0,0.0,-0.004424778385337737,-0.0,1576595814090425014
-0.0,-0.0020138414446088417,0.0010471975511965976,-0.0014749261284459122,-0.0,1576595814100393056
-0.0,0.0026851219261451223,0.0020943951023931952,-0.010324482899121386,-0.0,1576595814110398054
-0.0,0.006041524333826525,0.0031415926535897933,-0.014749261284459123,-0.0,1576595814120485067
-0.0,-0.0013425609630725612,0.0031415926535897933,-0.004424778385337737,-0.0,1576595814130409002
-0.0,0.005370243852290245,0.0031415926535897933,-0.0,-0.0,1576595814140419960
-0.0,0.0020138414446088417,0.0031415926535897933,-0.01917403966979686,-0.0,1576595814150392055
-0.0,0.009397926741507927,0.0031415926535897933,-0.030973448697364153,-0.0,1576595814160439014
-0.0,0.0020138414446088417,0.0041887902047863905,-0.01327433515601321,-0.0,1576595814170407056
-0.0,0.008726646259971648,0.0,-0.0,-0.0,1576595814180421113
-0.0,0.008055365778435367,0.0031415926535897933,-0.0014749261284459122,-0.0,1576595814190414905
-0.0,0.007384085296899086,0.0020943951023931952,-0.023598818055134595,-0.0,1576595814200423002
-0.0,0.01208304866765305,0.0041887902047863905,-0.03392330095425599,-0.0,1576595814210427999
-0.0,0.006712804815362805,0.0,-0.029498522568918245,-0.0,1576595814220448017
-0.0,0.011411768186116769,0.006283185307179587,-0.005899704513783649,-0.0,1576595814230403900
-0.0,0.016782012038407016,0.0010471975511965976,-0.014749261284459123,-0.0,1576595814240425109
-0.0,0.018795853483015854,0.008377580409572781,-0.04719763611026919,-0.0,1576595814250412940
-0.0,0.016782012038407016,0.006283185307179587,-0.084070789321417,-0.0,1576595814260421037
-0.0,0.022152255890697258,0.0031415926535897933,-0.08849556770675474,-0.0,1576595814270407915
-0.0,0.02483737781684238,0.0020943951023931952,-0.057522119009390575,-0.0,1576595814280459880
-0.0,0.02148097540916098,0.0031415926535897933,-0.060471971266282405,-0.0,1576595814290411949
-0.0,0.030878902150668908,0.00942477796076938,-0.05309734062405284,-0.0,1576595814300421953
-0.0,0.03155018263220519,0.007330382858376184,-0.06932152803695787,-0.0,1576595814310419082
-0.0,0.0416193898552494,0.007330382858376184,-0.08259586319297109,-0.0,1576595814320445060
-0.0,0.04967475563368476,0.010471975511965976,-0.10176990286276794,-0.0,1576595814330383062
-0.0,0.044304511781394516,0.013613568165555772,-0.1327433515601321,-0.0,1576595814340415954
-0.0,0.04229067033678568,0.007330382858376184,-0.12979349930324027,-0.0,1576595814350426912
-0.0,0.04766091418907592,0.0020943951023931952,-0.1312684254316862,-0.0,1576595814360450029
-0.0,0.04229067033678568,0.013613568165555772,-0.11061945963344343,-0.0,1576595814370414972
-0.0,0.04094810937371311,0.007330382858376184,-0.1312684254316862,-0.0,1576595814380398035
-0.0,0.05034603611522104,0.008377580409572781,-0.1445427605876994,-0.0,1576595814390368938
-0.0,0.05504499948597501,0.015707963267948967,-0.18436576605573907,-0.0,1576595814400382041
-0.0,0.05571627996751129,0.007330382858376184,-0.17846606154195538,-0.0,1576595814410443067
-0.0,0.07384085296899086,0.010471975511965976,-0.2153392147531032,-0.0,1576595814420392990
-0.0,0.09465054789661556,0.010471975511965976,-0.23451325442290005,-0.0,1576595814430408954
-0.0,0.08592390163664392,0.016755160819145562,-0.22418877152377867,-0.0,1576595814440429925
-0.0,0.08995158452586159,0.01780235837034216,-0.2536872940926969,-0.0,1576595814450427055
-0.0,0.08995158452586159,0.012566370614359173,-0.2536872940926969,-0.0,1576595814460417032
-0.0,0.09800695030429696,0.02199114857512855,-0.2640117769918183,-0.0,1576595814470407009
-0.0,0.07719725537667227,0.014660765716752368,-0.25811207247803464,-0.0,1576595814480448961
-0.0,0.08592390163664392,0.013613568165555772,-0.2876105950469529,-0.0,1576595814490434885
-0.0,0.09532182837815184,0.01780235837034216,-0.2787610382762774,-0.0,1576595814500402927
-0.0,0.10404847463812349,0.011519173063162575,-0.2890855211753988,-0.0,1576595814510395050
-0.0,0.11881664523192167,0.012566370614359173,-0.320058969872763,-0.0,1576595814520448923
-0.0,0.1107612794534863,0.019896753472735357,-0.3259586743865466,-0.0,1576595814530397891
-0.0,0.11008999897195001,0.02199114857512855,-0.3421828617994516,-0.0,1576595814540374040
-0.0,0.1174740842688491,0.011519173063162575,-0.3230088221296548,-0.0,1576595814550394058
-0.0,0.12485816956574818,0.00942477796076938,-0.35398227082701894,-0.0,1576595814560467958
-0.0,0.1067335965642686,0.02199114857512855,-0.3348082311572221,-0.0,1576595814570386886
-0.0,0.12351560860267563,0.025132741228718346,-0.38495571952438307,-0.0,1576595814580406904
-0.0,0.11948792571345795,0.014660765716752368,-0.34070793567100577,-0.0,1576595814590401887
-0.0,0.12351560860267563,0.02303834612632515,-0.35840704921235667,-0.0,1576595814600429058
-0.0,0.13425609630725613,0.01780235837034216,-0.3657816798545863,-0.0,1576595814610433101
-0.0,0.12217304763960304,0.015707963267948967,-0.35398227082701894,-0.0,1576595814620419979
-0.0,0.12351560860267563,0.02199114857512855,-0.35693212308391076,-0.0,1576595814630369901
-0.0,0.11210384041655885,0.013613568165555772,-0.3348082311572221,-0.0,1576595814640424013
-0.0,0.10471975511965977,0.011519173063162575,-0.3613569014692485,-0.0,1576595814650404930
-0.0,0.09867823078583324,0.019896753472735357,-0.3348082311572221,-0.0,1576595814660449028
-0.0,0.1000207917489058,0.014660765716752368,-0.35693212308391076,-0.0,1576595814670416116
-0.0,0.0966643893412244,0.012566370614359173,-0.31858404374431704,-0.0,1576595814680442094
-0.0,0.10606231608273232,0.02199114857512855,-0.33923300954255986,-0.0,1576595814690401077
-0.0,0.11814536475038538,0.01780235837034216,-0.3480825663132353,-0.0,1576595814700401067
-0.0,0.09532182837815184,0.012566370614359173,-0.32743360051499254,-0.0,1576595814710403919
-0.0,0.08592390163664392,0.019896753472735357,-0.3421828617994516,-0.0,1576595814720439910
-0.0,0.08391006019203508,0.01780235837034216,-0.302359856331412,-0.0,1576595814730393886
-0.0,0.08122493826588995,0.016755160819145562,-0.3097344869736416,-0.0,1576595814740387916
-0.0,0.07786853585820855,0.011519173063162575,-0.2654867031202642,-0.0,1576595814750365018
-0.0,0.0825674992289625,0.014660765716752368,-0.25958699860648055,-0.0,1576595814760416030
-0.0,0.06779932863516434,0.013613568165555772,-0.21976399313844092,-0.0,1576595814770384073
-0.0,0.06914188959823689,0.015707963267948967,-0.20796458411087365,-0.0,1576595814780406951
-0.0,0.05907268237519269,0.014660765716752368,-0.1814159137988472,-0.0,1576595814790426969
-0.0,0.06310036526441037,0.01780235837034216,-0.16371680025749627,-0.0,1576595814800432920
-0.0,0.05840140189365641,0.013613568165555772,-0.16961650477127993,-0.0,1576595814810429096
-0.0,0.05370243852290244,0.012566370614359173,-0.14601768671614532,-0.0,1576595814820431947
-0.0,0.04296195081832196,0.005235987755982988,-0.14749261284459125,-0.0,1576595814830400943
-0.0,0.03557786552142287,0.008377580409572781,-0.11504423801878115,-0.0,1576595814840436935
-0.0,0.034235304558350305,0.008377580409572781,-0.12831857317479436,-0.0,1576595814850426912
-0.0,0.04027682889217683,0.0,-0.11061945963344343,-0.0,1576595814860416889
-0.0,0.046318353226003355,0.005235987755982988,-0.10176990286276794,-0.0,1576595814870429039
-0.0,0.018795853483015854,0.0041887902047863905,-0.07817108480763335,-0.0,1576595814880500078
-0.0,0.02685121926145122,0.0010471975511965976,-0.07817108480763335,-0.0,1576595814890408039
-0.0,0.02617993877991494,0.005235987755982988,-0.04719763611026919,-0.0,1576595814900389909
-0.0,0.010069207223044208,0.006283185307179587,-0.041297931596485545,-0.0,1576595814910370111
-0.0,0.01812457300147958,0.0031415926535897933,-0.020648965798242772,-0.0,1576595814920445919
-0.0,0.016782012038407016,0.0,-0.03244837482581007,-0.0,1576595814930409908
-0.0,0.009397926741507927,0.0031415926535897933,-0.0722713802938497,-0.0,1576595814940378904
-0.0,0.01275432914918933,0.0010471975511965976,-0.06489674965162014,-0.0,1576595814950422048
-0.0,0.0020138414446088417,0.0020943951023931952,-0.02507374418358051,-0.0,1576595814960433006
-0.0,0.0006712804815362806,0.0020943951023931952,0.02654867031202642,-0.0,1576595814970482110
-0.0,0.0033564024076814026,0.0020943951023931952,0.030973448697364153,-0.0,1576595814980441093
-0.0,-0.0006712804815362806,0.0,-0.0,-0.0,1576595814990430116
-0.0,0.0006712804815362806,0.0010471975511965976,-0.011799409027567298,-0.0,1576595815000442028
-0.0,-0.0006712804815362806,0.0,0.01917403966979686,-0.0,1576595815010426044
-0.0,-0.0046989633707539636,-0.0010471975511965976,0.05309734062405284,-0.0,1576595815020420074
-0.0,-0.0046989633707539636,-0.0020943951023931952,0.057522119009390575,-0.0,1576595815030409097
-0.0,-0.007384085296899086,-0.0041887902047863905,0.030973448697364153,-0.0,1576595815040457010
-0.0,-0.011411768186116769,-0.0020943951023931952,0.02507374418358051,-0.0,1576595815050390958
-0.0,-0.014096890112261892,-0.008377580409572781,0.03392330095425599,-0.0,1576595815060400962
-0.0,-0.01275432914918933,-0.0041887902047863905,0.06342182352317423,-0.0,1576595815070368051
-0.0,-0.018795853483015854,-0.012566370614359173,0.061946897394728306,-0.0,1576595815080478906
-0.0,-0.02148097540916098,-0.0041887902047863905,0.04867256223871511,-0.0,1576595815090398073
-0.0,-0.0241660973353061,-0.007330382858376184,0.041297931596485545,-0.0,1576595815100449085
-0.0,-0.02349481685376982,-0.010471975511965976,0.06932152803695787,-0.0,1576595815110443115
-0.0,-0.0241660973353061,-0.010471975511965976,0.1194690164041189,-0.0,1576595815120405912
-0.0,-0.032221463113741466,-0.014660765716752368,0.13569320381702396,-0.0,1576595815130382061
-0.0,-0.02550865829837866,-0.006283185307179587,0.14011798220236166,-0.0,1576595815140397071
-0.0,-0.032892743595277746,-0.010471975511965976,0.1194690164041189,-0.0,1576595815150366067
-0.0,-0.03826298744756799,-0.007330382858376184,0.10619468124810567,-0.0,1576595815160434007
-0.0,-0.03356402407681403,-0.016755160819145562,0.11356931189033526,-0.0,1576595815170418024
-0.0,-0.03960554841064055,-0.007330382858376184,0.12094394253256481,-0.0,1576595815180377960
-0.0,-0.044975792262930796,-0.012566370614359173,0.15781709574371264,-0.0,1576595815190383911
-0.0,-0.0416193898552494,-0.01884955592153876,0.16224187412905033,-0.0,1576595815200448989
-0.0,-0.044975792262930796,-0.00942477796076938,0.16224187412905033,-0.0,1576595815210408926
-0.0,-0.04229067033678568,-0.013613568165555772,0.1327433515601321,-0.0,1576595815220405101
-0.0,-0.04698963370753964,-0.008377580409572781,0.15044246510148304,-0.0,1576595815230436086
-0.0,-0.04766091418907592,-0.014660765716752368,0.15781709574371264,-0.0,1576595815240426063
-0.0,-0.04296195081832196,-0.010471975511965976,0.17256635702817175,-0.0,1576595815250411033
-0.0,-0.038934267929104274,-0.010471975511965976,0.17256635702817175,-0.0,1576595815260436058
-0.0,-0.04094810937371311,-0.02199114857512855,0.19911502734019815,-0.0,1576595815270365953
-0.0,-0.05101731659675732,-0.014660765716752368,0.2153392147531032,-0.0,1576595815280421972
-0.0,-0.0483321946706122,-0.012566370614359173,0.19469024895486045,-0.0,1576595815290388107
-0.0,-0.05101731659675732,-0.024085543677521748,0.20943951023931953,-0.0,1576595815300379991
-0.0,-0.05034603611522104,-0.014660765716752368,0.20796458411087365,-0.0,1576595815310379981
-0.0,-0.04967475563368476,-0.015707963267948967,0.22566369765222458,-0.0,1576595815320394039
-0.0,-0.044975792262930796,-0.025132741228718346,0.20058995346864408,-0.0,1576595815330410957
-0.0,-0.046318353226003355,-0.02199114857512855,0.2153392147531032,-0.0,1576595815340379953
-0.0,-0.05504499948597501,-0.016755160819145562,0.20058995346864408,-0.0,1576595815350368022
-0.0,-0.05235987755982988,-0.02199114857512855,0.21976399313844092,-0.0,1576595815360435962
-0.0,-0.05034603611522104,-0.029321531433504737,0.23598818055134596,-0.0,1576595815370404958
-0.0,-0.05571627996751129,-0.02303834612632515,0.23598818055134596,-0.0,1576595815380400896
-0.0,-0.06108652381980152,-0.007330382858376184,0.24188788506512962,-0.0,1576595815390398979
-0.0,-0.04900347515214848,-0.02303834612632515,0.2271386237806705,-0.0,1576595815400440931
-0.0,-0.05907268237519269,-0.024085543677521748,0.24041295893668368,-0.0,1576595815410438060
-0.0,-0.061757804301337815,-0.010471975511965976,0.22566369765222458,-0.0,1576595815420380115
-0.0,-0.044975792262930796,-0.02617993877991494,0.252212367964251,-0.0,1576595815430358886
-0.0,-0.05705884093058385,-0.027227136331111543,0.25663714634958873,-0.0,1576595815440444946
-0.0,-0.07652597489513598,-0.01780235837034216,0.22271384539533273,-0.0,1576595815450428009
-0.0,-0.06645676767209177,-0.027227136331111543,0.2507374418358051,-0.0,1576595815460402011
-0.0,-0.05101731659675732,-0.024085543677521748,0.23746310667979184,-0.0,1576595815470419883
-0.0,-0.0483321946706122,-0.01780235837034216,0.2389380328082378,-0.0,1576595815480460882
-0.0,-0.05034603611522104,-0.027227136331111543,0.21238936249621135,-0.0,1576595815490422964
-0.0,-0.05840140189365641,-0.020943951023931952,0.21828906700999504,-0.0,1576595815500431060
-0.0,-0.04900347515214848,-0.01780235837034216,0.2050147318539818,-0.0,1576595815510410070
-0.0,-0.05907268237519269,-0.030368728984701335,0.252212367964251,-0.0,1576595815520411014
-0.0,-0.05840140189365641,-0.020943951023931952,0.24631266345046735,-0.0,1576595815530417919
-0.0,-0.04900347515214848,-0.02617993877991494,0.23598818055134596,-0.0,1576595815540397882
-0.0,-0.05504499948597501,-0.030368728984701335,0.23598818055134596,-0.0,1576595815550414085
-0.0,-0.04766091418907592,-0.025132741228718346,0.21681414088154913,-0.0,1576595815560456037
-0.0,-0.04027682889217683,-0.02303834612632515,0.2153392147531032,-0.0,1576595815570398092
-0.0,-0.034235304558350305,-0.025132741228718346,0.19469024895486045,-0.0,1576595815580377101
-0.0,-0.044975792262930796,-0.025132741228718346,0.19764010121175227,-0.0,1576595815590368032
-0.0,-0.034235304558350305,-0.027227136331111543,0.17846606154195538,-0.0,1576595815600415945
-0.0,-0.04363323129985824,-0.02199114857512855,0.17846606154195538,-0.0,1576595815610431909
-0.0,-0.05437371900443873,-0.01780235837034216,0.18731561831263085,-0.0,1576595815620428085
-0.0,-0.04094810937371311,-0.031415926535897934,0.18584069218418495,-0.0,1576595815630400896
-0.0,-0.030207621669132628,-0.030368728984701335,0.18436576605573907,-0.0,1576595815640423059
-0.0,-0.04900347515214848,-0.020943951023931952,0.168141578642834,-0.0,1576595815650412082
-0.0,-0.05907268237519269,-0.028274333882308142,0.1666666525143881,-0.0,1576595815660408973
-0.0,-0.028865060706060066,-0.02199114857512855,0.1563421696152667,-0.0,1576595815670394897
-0.0,-0.02349481685376982,-0.008377580409572781,0.1710914308997258,-0.0,1576595815680417060
-0.0,-0.030207621669132628,-0.015707963267948967,0.14749261284459125,-0.0,1576595815690423011
-0.0,-0.029536341187596345,-0.01780235837034216,0.15191739122992895,-0.0,1576595815700407028
-0.0,-0.020138414446088417,-0.013613568165555772,0.134218277688578,-0.0,1576595815710396051
-0.0,-0.03557786552142287,-0.02199114857512855,0.13569320381702396,-0.0,1576595815720441102
-0.0,-0.04027682889217683,-0.025132741228718346,0.15044246510148304,-0.0,1576595815730421066
-0.0,-0.019467133964552137,-0.01780235837034216,0.12094394253256481,-0.0,1576595815740386962
-0.0,-0.028193780224523783,-0.019896753472735357,0.11504423801878115,-0.0,1576595815750415086
-0.0,-0.027522499742987504,-0.020943951023931952,0.11799409027567298,-0.0,1576595815760431051
-0.0,-0.018795853483015854,-0.012566370614359173,0.11356931189033526,-0.0,1576595815770435094
-0.0,-0.02617993877991494,-0.013613568165555772,0.08849556770675474,-0.0,1576595815780396938
-0.0,-0.02483737781684238,-0.014660765716752368,0.07817108480763335,-0.0,1576595815790396928
-0.0,-0.008055365778435367,-0.012566370614359173,0.07669615867918744,-0.0,1576595815800441980
-0.0,-0.022823536372233538,-0.019896753472735357,0.1076696073765516,-0.0,1576595815810398101
-0.0,-0.02148097540916098,-0.015707963267948967,0.084070789321417,-0.0,1576595815820444107
-0.0,-0.011411768186116769,-0.014660765716752368,0.07817108480763335,-0.0,1576595815830390930
-0.0,-0.0241660973353061,-0.011519173063162575,0.057522119009390575,-0.0,1576595815840426921
-0.0,-0.01208304866765305,-0.010471975511965976,0.04424778385337737,-0.0,1576595815850442886
-0.0,-0.014096890112261892,-0.013613568165555772,0.06342182352317423,-0.0,1576595815860394001
-0.0,-0.015439451075334454,-0.010471975511965976,0.06489674965162014,-0.0,1576595815870357990
-0.0,-0.01074048770458049,-0.005235987755982988,0.05014748836716102,-0.0,1576595815880445957
-0.0,-0.01074048770458049,-0.008377580409572781,0.004424778385337737,-0.0,1576595815890396118
-0.0,-0.008055365778435367,-0.006283185307179587,0.011799409027567298,-0.0,1576595815900413036
-0.0,-0.007384085296899086,-0.0031415926535897933,0.05457226675249876,-0.0,1576595815910398006
-0.0,-0.008055365778435367,-0.007330382858376184,0.09882005060587613,-0.0,1576595815920444965
-0.0,-0.006712804815362805,-0.0031415926535897933,0.09292034609209247,-0.0,1576595815930422067
-0.0,-0.0013425609630725612,0.0010471975511965976,0.041297931596485545,-0.0,1576595815940398931
-0.0,-0.0013425609630725612,-0.0020943951023931952,-0.008849556770675475,-0.0,1576595815950412988
-0.0,-0.0020138414446088417,-0.0010471975511965976,-0.02507374418358051,-0.0,1576595815960422039
-0.0,-0.0,0.0,-0.0,-0.0,1576595815970400094
-0.0,-0.0033564024076814026,-0.0010471975511965976,0.01917403966979686,-0.0,1576595815980390071
-0.0,0.0020138414446088417,0.0,-0.0,-0.0,1576595815990391969
-0.0,-0.0,0.0031415926535897933,-0.03392330095425599,-0.0,1576595816000403881
-0.0,0.0013425609630725612,0.005235987755982988,-0.03392330095425599,-0.0,1576595816010426998
-0.0,0.0020138414446088417,0.0041887902047863905,-0.004424778385337737,-0.0,1576595816020404100
-0.0,0.0013425609630725612,0.011519173063162575,-0.0,-0.0,1576595816030416011
-0.0,0.005370243852290245,0.0,-0.03982300546803963,-0.0,1576595816040452003
-0.0,0.0046989633707539636,0.010471975511965976,-0.06784660190851198,-0.0,1576595816050405025
-0.0,0.008726646259971648,0.00942477796076938,-0.06637167578006604,-0.0,1576595816060412883
-0.0,0.006712804815362805,0.013613568165555772,-0.04277285772493145,-0.0,1576595816070425033
-0.0,0.011411768186116769,0.010471975511965976,-0.02507374418358051,-0.0,1576595816080481052
-0.0,0.0046989633707539636,0.00942477796076938,-0.023598818055134595,-0.0,1576595816090373039
-0.0,0.007384085296899086,0.010471975511965976,-0.04867256223871511,-0.0,1576595816100378036
-0.0,0.016782012038407016,0.015707963267948967,-0.05899704513783649,-0.0,1576595816110394954
-0.0,0.008055365778435367,0.010471975511965976,-0.0722713802938497,-0.0,1576595816120456933
-0.0,0.01812457300147958,0.01780235837034216,-0.07522123255074152,-0.0,1576595816130398988
-0.0,0.015439451075334454,0.020943951023931952,-0.09882005060587613,-0.0,1576595816140404939
-0.0,0.017453292519943295,0.01780235837034216,-0.1194690164041189,-0.0,1576595816150392055
-0.0,0.016782012038407016,0.01884955592153876,-0.11356931189033526,-0.0,1576595816160475015
-0.0,0.02349481685376982,0.030368728984701335,-0.11504423801878115,-0.0,1576595816170368909
-0.0,0.022152255890697258,0.027227136331111543,-0.09882005060587613,-0.0,1576595816180377960
-0.0,0.02617993877991494,0.02617993877991494,-0.12536872091790255,-0.0,1576595816190371990
-0.0,0.028865060706060066,0.034557519189487726,-0.14896753897303713,-0.0,1576595816200438022
-0.0,0.015439451075334454,0.024085543677521748,-0.18289083992729316,-0.0,1576595816210414886
-0.0,0.03155018263220519,0.031415926535897934,-0.16076694800060443,-0.0,1576595816220406055
-0.0,0.03557786552142287,0.041887902047863905,-0.17846606154195538,-0.0,1576595816230336904
-0.0,0.027522499742987504,0.019896753472735357,-0.18879054444107676,-0.0,1576595816240468025
-0.0,0.04027682889217683,0.033510321638291124,-0.19911502734019815,-0.0,1576595816250437974
-0.0,0.030878902150668908,0.053407075111026485,-0.21976399313844092,-0.0,1576595816260401010
-0.0,0.03759170696603171,0.0460766922526503,-0.21091443636776547,-0.0,1576595816270400047
-0.0,0.04967475563368476,0.047123889803846894,-0.24483773732202144,-0.0,1576595816280504941
-0.0,0.038934267929104274,0.045029494701453704,-0.24336281119357556,-0.0,1576595816290437936
-0.0,0.029536341187596345,0.045029494701453704,-0.2728613337624938,-0.0,1576595816300412893
-0.0,0.04027682889217683,0.041887902047863905,-0.26696162924871014,-0.0,1576595816310415983
-0.0,0.04766091418907592,0.04293509959906051,-0.2831858166616152,-0.0,1576595816320414066
-0.0,0.03624914600295916,0.05131268000863328,-0.2772861121478315,-0.0,1576595816330425977
-0.0,0.028193780224523783,0.058643062867009474,-0.3097344869736416,-0.0,1576595816340419054
-0.0,0.03960554841064055,0.047123889803846894,-0.2890855211753988,-0.0,1576595816350349903
-0.0,0.05370243852290244,0.045029494701453704,-0.320058969872763,-0.0,1576595816360409021
-0.0,0.044304511781394516,0.058643062867009474,-0.320058969872763,-0.0,1576595816370398998
-0.0,0.04296195081832196,0.06597344572538566,-0.34660764018478935,-0.0,1576595816380377054
-0.0,0.05235987755982988,0.06073745796940267,-0.36725660598303217,-0.0,1576595816390409946
-0.0,0.045647072744467075,0.058643062867009474,-0.3480825663132353,-0.0,1576595816400420904
-0.0,0.038934267929104274,0.06806784082777884,-0.3746312366252617,-0.0,1576595816410399913
-0.0,0.03826298744756799,0.06178465552059926,-0.35693212308391076,-0.0,1576595816420423030
-0.0,0.038934267929104274,0.05550147021341968,-0.3716813843683699,-0.0,1576595816430413007
-0.0,0.04296195081832196,0.058643062867009474,-0.35398227082701894,-0.0,1576595816440443992
-0.0,0.04027682889217683,0.06702064327658225,-0.36873153211147813,-0.0,1576595816450428962
-0.0,0.0483321946706122,0.05969026041820607,-0.35250734469857303,-0.0,1576595816460397005
-0.0,0.056387560449047566,0.05969026041820607,-0.3746312366252617,-0.0,1576595816470422029
-0.0,0.04027682889217683,0.056548667764616284,-0.3613569014692485,-0.0,1576595816480441093
-0.0,0.03557786552142287,0.056548667764616284,-0.38495571952438307,-0.0,1576595816490386962
-0.0,0.0483321946706122,0.05969026041820607,-0.39675512855195044,-0.0,1576595816500358104
-0.0,0.05705884093058385,0.06911503837897545,-0.38053094113904534,-0.0,1576595816510400056
-0.0,0.04766091418907592,0.07225663103256524,-0.40707961145107174,-0.0,1576595816520447969
-0.0,0.03826298744756799,0.07016223593017204,-0.386430645652829,-0.0,1576595816530404090
-0.0,0.030878902150668908,0.06492624817418907,-0.4041297591941799,-0.0,1576595816540386915
-0.0,0.02617993877991494,0.05026548245743669,-0.37905601501059943,-0.0,1576595816550370931
-0.0,0.030207621669132628,0.05550147021341968,-0.38053094113904534,-0.0,1576595816560430049
-0.0,0.04296195081832196,0.05550147021341968,-0.3480825663132353,-0.0,1576595816570415973
-0.0,0.05034603611522104,0.05969026041820607,-0.33923300954255986,-0.0,1576595816580415010
-0.0,0.02617993877991494,0.05550147021341968,-0.33185837890033026,-0.0,1576595816590380907
-0.0,0.04027682889217683,0.08168140899333463,-0.35840704921235667,-0.0,1576595816600423097
-0.0,0.05101731659675732,0.06597344572538566,-0.3230088221296548,-0.0,1576595816610420942
-0.0,0.022823536372233538,0.07016223593017204,-0.29646015181762836,-0.0,1576595816620413064
-0.0,0.029536341187596345,0.06492624817418907,-0.29793507794607427,-0.0,1576595816630379915
-0.0,0.03356402407681403,0.04921828490624009,-0.25958699860648055,-0.0,1576595816640425920
-0.0,0.01342560963072561,0.053407075111026485,-0.2713864076340479,-0.0,1576595816650408983
-0.0,0.02483737781684238,0.05759586531581287,-0.2507374418358051,-0.0,1576595816660356044
-0.0,0.02483737781684238,0.05550147021341968,-0.26991148150560196,-0.0,1576595816670399904
-0.0,0.022152255890697258,0.05759586531581287,-0.26696162924871014,-0.0,1576595816680449008
-0.0,0.02617993877991494,0.05235987755982988,-0.24778758957891323,-0.0,1576595816690426111
-0.0,0.01812457300147958,0.04921828490624009,-0.24631266345046735,-0.0,1576595816700393915
-0.0,0.028193780224523783,0.041887902047863905,-0.20648965798242774,-0.0,1576595816710418939
-0.0,0.016782012038407016,0.033510321638291124,-0.21238936249621135,-0.0,1576595816720376014
-0.0,0.004027682889217683,0.048171087355043496,-0.19469024895486045,-0.0,1576595816730420112
-0.0,0.01812457300147958,0.06283185307179587,-0.16961650477127993,-0.0,1576595816740422010
-0.0,0.011411768186116769,0.03665191429188092,-0.1415929083308076,-0.0,1576595816750391006
-0.0,0.014096890112261892,0.03874630939427412,-0.15191739122992895,-0.0,1576595816760412931
-0.0,0.011411768186116769,0.047123889803846894,-0.13569320381702396,-0.0,1576595816770423889
-0.0,0.01074048770458049,0.030368728984701335,-0.1312684254316862,-0.0,1576595816780395030
-0.0,0.014768170593798173,0.03665191429188092,-0.12094394253256481,-0.0,1576595816790406942
-0.0,0.006712804815362805,0.041887902047863905,-0.11504423801878115,-0.0,1576595816800417900
-0.0,0.006712804815362805,0.020943951023931952,-0.10176990286276794,-0.0,1576595816810420989
-0.0,0.008726646259971648,0.02303834612632515,-0.06637167578006604,-0.0,1576595816820450067
-0.0,0.007384085296899086,0.027227136331111543,-0.0722713802938497,-0.0,1576595816830389976
-0.0,0.004027682889217683,0.020943951023931952,-0.06932152803695787,-0.0,1576595816840477943
-0.0,0.0046989633707539636,0.02199114857512855,-0.06784660190851198,-0.0,1576595816850428104
-0.0,0.0020138414446088417,0.013613568165555772,-0.030973448697364153,-0.0,1576595816860438108
-0.0,0.0020138414446088417,0.02617993877991494,-0.014749261284459123,-0.0,1576595816870414972
-0.0,0.0020138414446088417,0.01780235837034216,-0.041297931596485545,-0.0,1576595816880455970
-0.0,0.0006712804815362806,0.013613568165555772,-0.08259586319297109,-0.0,1576595816890429019
-0.0,0.0006712804815362806,0.02303834612632515,-0.0855457154498629,-0.0,1576595816900439977
-0.0,0.0026851219261451223,0.012566370614359173,-0.03687315321114781,-0.0,1576595816910420894
-0.0,-0.0033564024076814026,0.0010471975511965976,0.004424778385337737,-0.0,1576595816920480966
-0.0,-0.0,0.007330382858376184,0.03834807933959372,-0.0,1576595816930458068
-0.0,0.0006712804815362806,0.005235987755982988,0.020648965798242772,-0.0,1576595816940435886
-0.0,0.0006712804815362806,0.007330382858376184,-0.028023596440472334,-0.0,1576595816950428009
-0.0,-0.0,0.008377580409572781,-0.051622414495606936,-0.0,1576595816960469007
-0.0,0.0006712804815362806,-0.0010471975511965976,-0.005899704513783649,-0.0,1576595816970431089
-0.0,-0.0,-0.0031415926535897933,0.03687315321114781,-0.0,1576595816980396032
-0.0,-0.0020138414446088417,-0.0031415926535897933,0.014749261284459123,-0.0,1576595816990390062
-0.0,-0.0020138414446088417,-0.0031415926535897933,-0.03244837482581007,-0.0,1576595817000451087
-0.0,-0.0020138414446088417,-0.0041887902047863905,-0.014749261284459123,-0.0,1576595817010416030
-0.0,-0.0020138414446088417,-0.006283185307179587,0.03687315321114781,-0.0,1576595817020401000
-0.0,-0.0026851219261451223,-0.008377580409572781,0.02507374418358051,-0.0,1576595817030396938
-0.0,-0.0026851219261451223,-0.010471975511965976,-0.004424778385337737,-0.0,1576595817040453910
-0.0,-0.0026851219261451223,-0.010471975511965976,0.0014749261284459122,-0.0,1576595817050446033
-0.0,-0.0020138414446088417,-0.010471975511965976,0.04572270998182329,-0.0,1576595817060409069
-0.0,-0.0020138414446088417,-0.011519173063162575,0.06489674965162014,-0.0,1576595817070401906
-0.0,-0.0,-0.01780235837034216,0.03834807933959372,-0.0,1576595817080454111
-0.0,0.0013425609630725612,-0.011519173063162575,0.028023596440472334,-0.0,1576595817090437889
-0.0,0.0006712804815362806,-0.013613568165555772,0.030973448697364153,-0.0,1576595817100431919
-0.0,-0.0,-0.020943951023931952,0.041297931596485545,-0.0,1576595817110434055
-0.0,0.0026851219261451223,-0.01780235837034216,0.04719763611026919,-0.0,1576595817120498895
-0.0,-0.0,-0.02199114857512855,0.04277285772493145,-0.0,1576595817130465984
-0.0,0.0046989633707539636,-0.025132741228718346,0.0353982270827019,-0.0,1576595817140443086
-0.0,-0.0,-0.02617993877991494,0.01769911354135095,-0.0,1576595817150419950
-0.0,0.0046989633707539636,-0.01884955592153876,0.01327433515601321,-0.0,1576595817160482883
-0.0,-0.0,-0.033510321638291124,0.02507374418358051,-0.0,1576595817170424938
-0.0,0.008055365778435367,-0.03560471674068432,0.05457226675249876,-0.0,1576595817180414915
-0.0,0.0006712804815362806,-0.024085543677521748,0.04572270998182329,-0.0,1576595817190440893
-0.0,0.0026851219261451223,-0.03665191429188092,0.030973448697364153,-0.0,1576595817200504064
-0.0,0.004027682889217683,-0.03874630939427412,0.02654867031202642,-0.0,1576595817210438013
-0.0,0.0046989633707539636,-0.02617993877991494,0.06489674965162014,-0.0,1576595817220422983
-0.0,0.005370243852290245,-0.041887902047863905,0.07964601093607926,-0.0,1576595817230458021
-0.0,0.008726646259971648,-0.05550147021341968,0.06489674965162014,-0.0,1576595817240458011
-0.0,0.006041524333826525,-0.039793506945470715,0.04572270998182329,-0.0,1576595817250448942
-0.0,0.01074048770458049,-0.04084070449666732,0.020648965798242772,-0.0,1576595817260425090
-0.0,-0.005370243852290245,-0.03560471674068432,-0.0,-0.0,1576595817272974014
-0.0,0.01074048770458049,-0.05550147021341968,0.02654867031202642,-0.0,1576595817280419111
-0.0,0.005370243852290245,-0.08482300164692443,0.057522119009390575,-0.0,1576595817290433883
-0.0,0.008726646259971648,-0.06283185307179587,0.03687315321114781,-0.0,1576595817300411939
-0.0,0.01342560963072561,-0.048171087355043496,0.01327433515601321,-0.0,1576595817310427904
-0.0,0.014768170593798173,-0.05969026041820607,0.01917403966979686,-0.0,1576595817320413112
-0.0,0.014768170593798173,-0.06283185307179587,0.05899704513783649,-0.0,1576595817330449104
-0.0,0.018795853483015854,-0.05969026041820607,0.07964601093607926,-0.0,1576595817340400934
-0.0,0.016110731556870733,-0.05131268000863328,0.051622414495606936,-0.0,1576595817350398063
-0.0,0.018795853483015854,-0.053407075111026485,0.02654867031202642,-0.0,1576595817360441923
-0.0,0.017453292519943295,-0.05445427266222309,0.004424778385337737,-0.0,1576595817370409011
-0.0,0.014096890112261892,-0.06702064327658225,0.011799409027567298,-0.0,1576595817380393028
-0.0,0.014096890112261892,-0.06073745796940267,0.02654867031202642,-0.0,1576595817390422105
-0.0,0.014768170593798173,-0.06283185307179587,0.0353982270827019,-0.0,1576595817400412082
-0.0,0.01812457300147958,-0.058643062867009474,0.0029498522568918244,-0.0,1576595817410398006
-0.0,0.017453292519943295,-0.07120943348136864,-0.0029498522568918244,-0.0,1576595817420418024
-0.0,0.02148097540916098,-0.07435102613495845,0.0029498522568918244,-0.0,1576595817430414915
-0.0,0.015439451075334454,-0.07958701389094143,0.030973448697364153,-0.0,1576595817440421104
-0.0,0.01812457300147958,-0.07749261878854824,0.03982300546803963,-0.0,1576595817450411081
-0.0,0.02483737781684238,-0.07120943348136864,0.01917403966979686,-0.0,1576595817460419893
-0.0,0.008055365778435367,-0.06702064327658225,-0.0029498522568918244,-0.0,1576595817470434904
-0.0,0.02148097540916098,-0.06073745796940267,0.01769911354135095,-0.0,1576595817480458974
-0.0,0.02148097540916098,-0.06702064327658225,0.030973448697364153,-0.0,1576595817490418910
-0.0,0.016110731556870733,-0.05969026041820607,0.01769911354135095,-0.0,1576595817500395059
-0.0,0.02349481685376982,-0.07225663103256524,-0.0029498522568918244,-0.0,1576595817510415077
-0.0,0.0241660973353061,-0.07958701389094143,-0.010324482899121386,-0.0,1576595817520440101
-0.0,0.020138414446088417,-0.07853981633974483,0.01327433515601321,-0.0,1576595817530397891
-0.0,0.02349481685376982,-0.07853981633974483,0.029498522568918245,-0.0,1576595817540424108
-0.0,0.022152255890697258,-0.07435102613495845,0.005899704513783649,-0.0,1576595817550396919
-0.0,0.009397926741507927,-0.07749261878854824,-0.016224187412905034,-0.0,1576595817560431957
-0.0,0.02148097540916098,-0.06492624817418907,-0.004424778385337737,-0.0,1576595817570429086
-0.0,0.02148097540916098,-0.07539822368615504,0.005899704513783649,-0.0,1576595817580389976
-0.0,0.014096890112261892,-0.07958701389094143,0.0029498522568918244,-0.0,1576595817590404033
-0.0,0.016782012038407016,-0.07749261878854824,-0.0029498522568918244,-0.0,1576595817600435018
-0.0,0.020138414446088417,-0.07225663103256524,-0.008849556770675475,-0.0,1576595817610404014
-0.0,0.014096890112261892,-0.06911503837897545,-0.007374630642229561,-0.0,1576595817620398998
-0.0,0.014096890112261892,-0.08063421144213803,-0.004424778385337737,-0.0,1576595817630410909
-0.0,0.02349481685376982,-0.06911503837897545,-0.010324482899121386,-0.0,1576595817640414953
-0.0,0.009397926741507927,-0.06806784082777884,-0.014749261284459123,-0.0,1576595817650386095
-0.0,0.01074048770458049,-0.06492624817418907,0.0014749261284459122,-0.0,1576595817660361051
-0.0,0.016110731556870733,-0.06492624817418907,0.01769911354135095,-0.0,1576595817670361042
-0.0,0.01275432914918933,-0.04293509959906051,0.010324482899121386,-0.0,1576595817680444955
-0.0,0.01208304866765305,-0.06283185307179587,-0.01917403966979686,-0.0,1576595817690418004
-0.0,0.011411768186116769,-0.06702064327658225,-0.02507374418358051,-0.0,1576595817700397968
-0.0,0.011411768186116769,-0.06283185307179587,-0.004424778385337737,-0.0,1576595817710392951
-0.0,0.011411768186116769,-0.05131268000863328,0.008849556770675475,-0.0,1576595817720406055
-0.0,0.008055365778435367,-0.05026548245743669,-0.008849556770675475,-0.0,1576595817730367898
-0.0,0.006041524333826525,-0.05235987755982988,-0.03392330095425599,-0.0,1576595817740376949
-0.0,0.008726646259971648,-0.03665191429188092,-0.03392330095425599,-0.0,1576595817750411033
-0.0,0.0026851219261451223,-0.04293509959906051,-0.01769911354135095,-0.0,1576595817760447978
-0.0,0.0026851219261451223,-0.04084070449666732,0.0014749261284459122,-0.0,1576595817770433902
-0.0,0.006712804815362805,-0.041887902047863905,-0.004424778385337737,-0.0,1576595817780385017
-0.0,0.0026851219261451223,-0.039793506945470715,-0.030973448697364153,-0.0,1576595817790368080
-0.0,0.0046989633707539636,-0.03560471674068432,-0.03687315321114781,-0.0,1576595817800410985
-0.0,0.006041524333826525,-0.04084070449666732,-0.023598818055134595,-0.0,1576595817810393095
-0.0,-0.0020138414446088417,-0.04293509959906051,-0.0,-0.0,1576595817820379018
-0.0,0.0020138414446088417,-0.025132741228718346,-0.005899704513783649,-0.0,1576595817830389976
-0.0,0.0020138414446088417,-0.032463124087094536,-0.029498522568918245,-0.0,1576595817840466976
-0.0,0.0006712804815362806,-0.033510321638291124,-0.030973448697364153,-0.0,1576595817850415945
-0.0,0.0006712804815362806,-0.028274333882308142,-0.01327433515601321,-0.0,1576595817860445022
-0.0,0.0046989633707539636,-0.027227136331111543,-0.0,-0.0,1576595817870433092
-0.0,-0.0013425609630725612,-0.014660765716752368,-0.0014749261284459122,-0.0,1576595817880460977
-0.0,0.0013425609630725612,-0.024085543677521748,-0.016224187412905034,-0.0,1576595817890362977
-0.0,0.0020138414446088417,-0.01780235837034216,-0.01917403966979686,-0.0,1576595817900383949
-0.0,0.0020138414446088417,-0.010471975511965976,-0.0,-0.0,1576595817910358905
-0.0,-0.004027682889217683,-0.01780235837034216,0.011799409027567298,-0.0,1576595817920402050
-0.0,-0.0026851219261451223,-0.013613568165555772,0.011799409027567298,-0.0,1576595817930383920
-0.0,-0.0020138414446088417,-0.0031415926535897933,-0.004424778385337737,-0.0,1576595817940362930
-0.0,-0.0013425609630725612,-0.005235987755982988,-0.010324482899121386,-0.0,1576595817950444936
-0.0,-0.0020138414446088417,-0.006283185307179587,0.0029498522568918244,-0.0,1576595817960448980
-0.0,-0.0020138414446088417,-0.0031415926535897933,0.010324482899121386,-0.0,1576595817970443964
-0.0,-0.0026851219261451223,-0.0010471975511965976,-0.0014749261284459122,-0.0,1576595817980371952
-0.0,-0.0020138414446088417,-0.0020943951023931952,-0.0014749261284459122,-0.0,1576595817990406990
-0.0,-0.0013425609630725612,0.0,0.0014749261284459122,-0.0,1576595818000477075
-0.0,-0.0026851219261451223,0.0010471975511965976,0.004424778385337737,-0.0,1576595818010430097
-0.0,-0.0020138414446088417,0.005235987755982988,0.004424778385337737,-0.0,1576595818020426034
-0.0,-0.0013425609630725612,0.005235987755982988,0.007374630642229561,-0.0,1576595818030400991
-0.0,-0.0,0.012566370614359173,0.007374630642229561,-0.0,1576595818040437936
-0.0,0.0020138414446088417,0.00942477796076938,0.008849556770675475,-0.0,1576595818050400972
-0.0,0.0006712804815362806,0.013613568165555772,0.010324482899121386,-0.0,1576595818060372114
-0.0,-0.0020138414446088417,0.014660765716752368,0.014749261284459123,-0.0,1576595818070399999
-0.0,0.0013425609630725612,0.025132741228718346,0.01769911354135095,-0.0,1576595818080432891
-0.0,0.0013425609630725612,0.024085543677521748,0.010324482899121386,-0.0,1576595818090399026
-0.0,0.0020138414446088417,0.025132741228718346,0.010324482899121386,-0.0,1576595818100367069
-0.0,0.0020138414446088417,0.03665191429188092,0.014749261284459123,-0.0,1576595818110394954
-0.0,0.0020138414446088417,0.02617993877991494,0.014749261284459123,-0.0,1576595818120455980
-0.0,0.0026851219261451223,0.032463124087094536,0.011799409027567298,-0.0,1576595818130423069
-0.0,0.0046989633707539636,0.048171087355043496,0.016224187412905034,-0.0,1576595818140413045
-0.0,0.0046989633707539636,0.03665191429188092,0.005899704513783649,-0.0,1576595818150403976
-0.0,0.0033564024076814026,0.04293509959906051,-0.0029498522568918244,-0.0,1576595818160419940
-0.0,0.01074048770458049,0.0439822971502571,0.010324482899121386,-0.0,1576595818170393943
-0.0,-0.0,0.05969026041820607,0.022123891926688684,-0.0,1576595818180367946
-0.0,0.009397926741507927,0.05969026041820607,0.014749261284459123,-0.0,1576595818190380096
-0.0,0.007384085296899086,0.056548667764616284,-0.0,-0.0,1576595818200449943
-0.0,0.017453292519943295,0.05969026041820607,0.014749261284459123,-0.0,1576595818210390090
-0.0,0.011411768186116769,0.06702064327658225,0.0353982270827019,-0.0,1576595818220383882
-0.0,0.006041524333826525,0.07225663103256524,0.022123891926688684,-0.0,1576595818230365991
-0.0,0.020138414446088417,0.07330382858376185,-0.0,-0.0,1576595818240412950
-0.0,0.01275432914918933,0.07539822368615504,0.008849556770675475,-0.0,1576595818250412940
-0.0,0.01208304866765305,0.06178465552059926,0.03392330095425599,-0.0,1576595818260427951
-0.0,0.028865060706060066,0.08168140899333463,0.04867256223871511,-0.0,1576595818270399093
-0.0,0.0241660973353061,0.0921533845053006,0.030973448697364153,-0.0,1576595818280463933
-0.0,0.02148097540916098,0.09843656981248018,0.004424778385337737,-0.0,1576595818290416955
-0.0,0.029536341187596345,0.10995574287564278,0.010324482899121386,-0.0,1576595818300429105
-0.0,0.029536341187596345,0.10367255756846318,0.03687315321114781,-0.0,1576595818310383081
-0.0,0.029536341187596345,0.10786134777324957,0.041297931596485545,-0.0,1576595818320410966
-0.0,0.020138414446088417,0.10053096491487339,0.014749261284459123,-0.0,1576595818330406904
-0.0,0.022823536372233538,0.11414453308042916,0.005899704513783649,-0.0,1576595818340388059
-0.0,0.03759170696603171,0.10995574287564278,-0.0,-0.0,1576595818350388050
-0.0,0.04698963370753964,0.1277581012459849,0.004424778385337737,-0.0,1576595818360419034
-0.0,0.04094810937371311,0.13089969389957473,0.004424778385337737,-0.0,1576595818370366096
-0.0,0.030878902150668908,0.1329940890019679,0.008849556770675475,-0.0,1576595818380361080
-0.0,0.04766091418907592,0.1413716694115407,0.016224187412905034,-0.0,1576595818390410900
-0.0,0.05840140189365641,0.12671090369478832,0.007374630642229561,-0.0,1576595818400412082
-0.0,0.038934267929104274,0.1413716694115407,-0.010324482899121386,-0.0,1576595818410424947
-0.0,0.0483321946706122,0.1413716694115407,-0.0029498522568918244,-0.0,1576595818420376062
-0.0,0.06108652381980152,0.1455604596163271,0.023598818055134595,-0.0,1576595818430372953
-0.0,0.04900347515214848,0.14974924982111348,0.02654867031202642,-0.0,1576595818440439939
-0.0,0.05504499948597501,0.14974924982111348,0.008849556770675475,-0.0,1576595818450400114
-0.0,0.08122493826588995,0.14765485471872028,-0.0014749261284459122,-0.0,1576595818460391998
-0.0,0.05773012141212013,0.1455604596163271,0.014749261284459123,-0.0,1576595818470371007
-0.0,0.05370243852290244,0.15289084247470325,0.03244837482581007,-0.0,1576595818480426073
-0.0,0.05974396285672898,0.15603243512829307,0.020648965798242772,-0.0,1576595818490361928
-0.0,0.07384085296899086,0.1487020522699169,-0.010324482899121386,-0.0,1576595818500374078
-0.0,0.05840140189365641,0.1445132620651305,-0.023598818055134595,-0.0,1576595818510391950
-0.0,0.05235987755982988,0.1466076571675237,0.007374630642229561,-0.0,1576595818520421981
-0.0,0.05101731659675732,0.1487020522699169,0.028023596440472334,-0.0,1576595818530380964
-0.0,0.05437371900443873,0.15603243512829307,0.0014749261284459122,-0.0,1576595818540385007
-0.0,0.07115573104284574,0.16441001553786586,-0.028023596440472334,-0.0,1576595818550369977
-0.0,0.06511420670901921,0.1487020522699169,-0.014749261284459123,-0.0,1576595818560430049
-0.0,0.06310036526441037,0.15184364492350666,0.014749261284459123,-0.0,1576595818570452928
-0.0,0.07384085296899086,0.15707963267948966,0.014749261284459123,-0.0,1576595818580400943
-0.0,0.0792110968212811,0.1466076571675237,-0.01769911354135095,-0.0,1576595818590383052
-0.0,0.06712804815362806,0.1329940890019679,-0.041297931596485545,-0.0,1576595818600491046
-0.0,0.06645676767209177,0.12985249634837814,-0.022123891926688684,-0.0,1576595818610450029
-0.0,0.07182701152438203,0.13089969389957473,0.007374630642229561,-0.0,1576595818620414018
-0.0,0.07384085296899086,0.1382300767579509,0.004424778385337737,-0.0,1576595818630419015
-0.0,0.07853981633974483,0.1340412865531645,-0.03244837482581007,-0.0,1576595818640431880
-0.0,0.07182701152438203,0.12147491593880534,-0.041297931596485545,-0.0,1576595818650398969
-0.0,0.07719725537667227,0.11833332328521555,-0.016224187412905034,-0.0,1576595818660375118
-0.0,0.060415243338265257,0.10890854532444617,0.005899704513783649,-0.0,1576595818670408010
-0.0,0.07316957248745458,0.10471975511965977,-0.0014749261284459122,-0.0,1576595818680438041
-0.0,0.05974396285672898,0.09529497715889039,-0.03982300546803963,-0.0,1576595818690366029
-0.0,0.05705884093058385,0.09005898940290741,-0.051622414495606936,-0.0,1576595818700366020
-0.0,0.046318353226003355,0.07539822368615504,-0.02654867031202642,-0.0,1576595818710367918
-0.0,0.06444292622748293,0.0890117918517108,-0.01327433515601321,-0.0,1576595818720426082
-0.0,0.07182701152438203,0.0973893722612836,-0.03392330095425599,-0.0,1576595818730381965
-0.0,0.05504499948597501,0.08063421144213803,-0.06489674965162014,-0.0,1576595818740381956
-0.0,0.05504499948597501,0.07225663103256524,-0.06784660190851198,-0.0,1576595818750406026
-0.0,0.06377164574594665,0.07644542123735162,-0.05014748836716102,-0.0,1576595818760402917
-0.0,0.05235987755982988,0.07120943348136864,-0.030973448697364153,-0.0,1576595818770433902
-0.0,0.0483321946706122,0.07539822368615504,-0.028023596440472334,-0.0,1576595818780366897
-0.0,0.06310036526441037,0.05759586531581287,-0.05014748836716102,-0.0,1576595818790352106
-0.0,0.03557786552142287,0.03665191429188092,-0.06784660190851198,-0.0,1576595818800371885
-0.0,0.022823536372233538,0.0439822971502571,-0.060471971266282405,-0.0,1576595818810436964
-0.0,0.044975792262930796,0.05235987755982988,-0.030973448697364153,-0.0,1576595818820386886
-0.0,0.044975792262930796,0.03665191429188092,-0.02507374418358051,-0.0,1576595818830391883
-0.0,0.03826298744756799,0.04293509959906051,-0.030973448697364153,-0.0,1576595818840428113
-0.0,0.0416193898552494,0.0439822971502571,-0.03244837482581007,-0.0,1576595818850411891
-0.0,0.014096890112261892,0.024085543677521748,-0.02507374418358051,-0.0,1576595818860367059
-0.0,0.030207621669132628,0.029321531433504737,-0.0,-0.0,1576595818870395898
-0.0,0.02685121926145122,0.03560471674068432,-0.01917403966979686,-0.0,1576595818880422115
-0.0,0.018795853483015854,0.01884955592153876,-0.04277285772493145,-0.0,1576595818890439033
-0.0,0.014768170593798173,0.025132741228718346,-0.041297931596485545,-0.0,1576595818900439977
-0.0,0.014096890112261892,0.02303834612632515,-0.02654867031202642,-0.0,1576595818910420894
-0.0,0.01208304866765305,0.01780235837034216,-0.028023596440472334,-0.0,1576595818920420885
-0.0,0.009397926741507927,0.015707963267948967,-0.02507374418358051,-0.0,1576595818930363893
-0.0,0.009397926741507927,0.014660765716752368,-0.020648965798242772,-0.0,1576595818940402984
-0.0,0.01074048770458049,0.007330382858376184,-0.02507374418358051,-0.0,1576595818950408935
-0.0,0.0026851219261451223,0.00942477796076938,-0.028023596440472334,-0.0,1576595818960417985
-0.0,0.0020138414446088417,0.0,-0.022123891926688684,-0.0,1576595818970415115
-0.0,0.0020138414446088417,0.0,-0.008849556770675475,-0.0,1576595818980396032
-0.0,0.0013425609630725612,0.0020943951023931952,-0.010324482899121386,-0.0,1576595818990408897
-0.0,-0.0,0.0020943951023931952,-0.016224187412905034,-0.0,1576595819000427961
-0.0,-0.0020138414446088417,0.0,-0.007374630642229561,-0.0,1576595819010405063
-0.0,-0.006712804815362805,-0.0041887902047863905,-0.0,-0.0,1576595819020432949
-0.0,-0.006712804815362805,-0.010471975511965976,-0.004424778385337737,-0.0,1576595819030390024
-0.0,-0.014096890112261892,-0.014660765716752368,-0.0,-0.0,1576595819040384054
-0.0,-0.008726646259971648,-0.011519173063162575,0.010324482899121386,-0.0,1576595819050367116
-0.0,-0.018795853483015854,-0.013613568165555772,0.011799409027567298,-0.0,1576595819060396909
-0.0,-0.016110731556870733,-0.02617993877991494,0.0014749261284459122,-0.0,1576595819070372104
-0.0,-0.02148097540916098,-0.02617993877991494,0.010324482899121386,-0.0,1576595819080447912
-0.0,-0.03155018263220519,-0.019896753472735357,0.03244837482581007,-0.0,1576595819090399980
-0.0,-0.02550865829837866,-0.02617993877991494,0.041297931596485545,-0.0,1576595819100405931
-0.0,-0.034235304558350305,-0.02617993877991494,0.030973448697364153,-0.0,1576595819110418081
-0.0,-0.032221463113741466,-0.02199114857512855,0.02654867031202642,-0.0,1576595819120455026
-0.0,-0.03826298744756799,-0.03665191429188092,0.06342182352317423,-0.0,1576595819130409002
-0.0,-0.038934267929104274,-0.04293509959906051,0.08997049383520064,-0.0,1576595819140410900
-0.0,-0.04027682889217683,-0.030368728984701335,0.09292034609209247,-0.0,1576595819150386095
-0.0,-0.04363323129985824,-0.029321531433504737,0.061946897394728306,-0.0,1576595819160412073
-0.0,-0.04967475563368476,-0.03874630939427412,0.04424778385337737,-0.0,1576595819170416116
-0.0,-0.04967475563368476,-0.03560471674068432,0.02507374418358051,-0.0,1576595819180360078
-0.0,-0.05840140189365641,-0.04084070449666732,0.06637167578006604,-0.0,1576595819190339088
-0.0,-0.05437371900443873,-0.04084070449666732,0.13569320381702396,-0.0,1576595819200467109
-0.0,-0.06444292622748293,-0.04293509959906051,0.1799409876704013,-0.0,1576595819210419893
-0.0,-0.07719725537667227,-0.048171087355043496,0.1710914308997258,-0.0,1576595819220402956
-0.0,-0.06712804815362806,-0.03560471674068432,0.13716812994546984,-0.0,1576595819230393886
-0.0,-0.07988237730281739,-0.041887902047863905,0.09882005060587613,-0.0,1576595819240432024
-0.0,-0.07652597489513598,-0.05235987755982988,0.09439527222053838,-0.0,1576595819250422000
-0.0,-0.07249829200591831,-0.0460766922526503,0.13569320381702396,-0.0,1576595819260418891
-0.0,-0.08189621874742622,-0.047123889803846894,0.15339231735837489,-0.0,1576595819270385026
-0.0,-0.08860902356278903,-0.041887902047863905,0.16224187412905033,-0.0,1576595819280425071
-0.0,-0.08928030404432531,-0.033510321638291124,0.1445427605876994,-0.0,1576595819290399074
-0.0,-0.093307986933543,-0.04293509959906051,0.1548672434868208,-0.0,1576595819300416946
-0.0,-0.08525262115510764,-0.04084070449666732,0.168141578642834,-0.0,1576595819310400009
-0.0,-0.09196542597047043,-0.04084070449666732,0.19764010121175227,-0.0,1576595819320437908
-0.0,-0.10874743800887746,-0.0439822971502571,0.22123891926688685,-0.0,1576595819330382108
-0.0,-0.10270591367505091,-0.033510321638291124,0.22861354990911642,-0.0,1576595819340377092
-0.0,-0.11277512089809513,-0.04921828490624009,0.2536872940926969,-0.0,1576595819350347042
-0.0,-0.11478896234270398,-0.053407075111026485,0.24631266345046735,-0.0,1576595819360429048
-0.0,-0.12687201101035703,-0.033510321638291124,0.2713864076340479,-0.0,1576595819370381116
-0.0,-0.1174740842688491,-0.034557519189487726,0.25811207247803464,-0.0,1576595819380374908
-0.0,-0.1174740842688491,-0.05131268000863328,0.2758111860193856,-0.0,1576595819390340089
-0.0,-0.10874743800887746,-0.03665191429188092,0.268436555377156,-0.0,1576595819400474071
-0.0,-0.11478896234270398,-0.02617993877991494,0.2846607427900611,-0.0,1576595819410402059
-0.0,-0.12888585245496587,-0.041887902047863905,0.29941000407452023,-0.0,1576595819420367956
-0.0,-0.1308996938995747,-0.048171087355043496,0.29203537343229063,-0.0,1576595819430402040
-0.0,-0.12821457197342956,-0.024085543677521748,0.32448374825810067,-0.0,1576595819440457105
-0.0,-0.1308996938995747,-0.02617993877991494,0.32743360051499254,-0.0,1576595819450411081
-0.0,-0.12485816956574818,-0.025132741228718346,0.3480825663132353,-0.0,1576595819460407972
-0.0,-0.11680280378731282,-0.02199114857512855,0.3348082311572221,-0.0,1576595819470370054
-0.0,-0.13157097438111098,-0.03665191429188092,0.3716813843683699,-0.0,1576595819480444908
-0.0,-0.10941871849041374,-0.027227136331111543,0.33038345277188436,-0.0,1576595819490420103
-0.0,-0.11814536475038538,-0.02617993877991494,0.3510324185701271,-0.0,1576595819500399112
-0.0,-0.12552945004728447,-0.015707963267948967,0.336283157285668,-0.0,1576595819510411977
-0.0,-0.13224225486264726,-0.025132741228718346,0.3657816798545863,-0.0,1576595819520478963
-0.0,-0.14231146208569148,-0.02199114857512855,0.38790557178127494,-0.0,1576595819530415058
-0.0,-0.12955713293650215,-0.006283185307179587,0.3716813843683699,-0.0,1576595819540396928
-0.0,-0.12821457197342956,-0.015707963267948967,0.39528020242350453,-0.0,1576595819550411939
-0.0,-0.1241868890842119,-0.01780235837034216,0.38348079339593716,-0.0,1576595819560439109
-0.0,-0.13425609630725613,-0.010471975511965976,0.38348079339593716,-0.0,1576595819570389032
-0.0,-0.11680280378731282,-0.007330382858376184,0.3495574924416812,-0.0,1576595819580429077
-0.0,-0.1174740842688491,-0.007330382858376184,0.3746312366252617,-0.0,1576595819590361118
-0.0,-0.11814536475038538,-0.0020943951023931952,0.3510324185701271,-0.0,1576595819600414037
-0.0,-0.11680280378731282,-0.008377580409572781,0.3716813843683699,-0.0,1576595819610399961
-0.0,-0.09465054789661556,0.0010471975511965976,0.34070793567100577,-0.0,1576595819620383977
-0.0,-0.10404847463812349,0.0010471975511965976,0.3510324185701271,-0.0,1576595819630384922
-0.0,-0.11210384041655885,0.0,0.35250734469857303,-0.0,1576595819640445947
-0.0,-0.10471975511965977,-0.0010471975511965976,0.336283157285668,-0.0,1576595819650393962
-0.0,-0.09800695030429696,-0.0020943951023931952,0.3421828617994516,-0.0,1576595819660420894
-0.0,-0.08458134067357136,-0.0020943951023931952,0.3082595608451957,-0.0,1576595819670428991
-0.0,-0.08458134067357136,0.0,0.3156341914874253,-0.0,1576595819680447101
-0.0,-0.07988237730281739,0.0020943951023931952,0.2713864076340479,-0.0,1576595819690422058
-0.0,-0.07182701152438203,0.0041887902047863905,0.2728613337624938,-0.0,1576595819700409889
-0.0,-0.06847060911670061,0.007330382858376184,0.252212367964251,-0.0,1576595819710386037
-0.0,-0.06310036526441037,0.007330382858376184,0.2640117769918183,-0.0,1576595819720455884
-0.0,-0.06645676767209177,0.010471975511965976,0.25811207247803464,-0.0,1576595819730449914
-0.0,-0.05974396285672898,0.007330382858376184,0.23598818055134596,-0.0,1576595819740410089
-0.0,-0.06712804815362806,0.014660765716752368,0.22418877152377867,-0.0,1576595819750389099
-0.0,-0.061757804301337815,0.010471975511965976,0.19911502734019815,-0.0,1576595819760391950
-0.0,-0.05974396285672898,0.007330382858376184,0.20943951023931953,-0.0,1576595819770442008
-0.0,-0.05235987755982988,0.015707963267948967,0.17404128315661765,-0.0,1576595819780416011
-0.0,-0.04766091418907592,0.00942477796076938,0.1799409876704013,-0.0,1576595819790419101
-0.0,-0.04094810937371311,0.007330382858376184,0.15044246510148304,-0.0,1576595819800401926
-0.0,-0.03557786552142287,0.014660765716752368,0.14601768671614532,-0.0,1576595819810369968
-0.0,-0.04698963370753964,0.010471975511965976,0.12241886866101072,-0.0,1576595819820405006
-0.0,-0.0483321946706122,0.014660765716752368,0.11799409027567298,-0.0,1576595819830394983
-0.0,-0.02148097540916098,0.013613568165555772,0.08849556770675474,-0.0,1576595819840456962
-0.0,-0.027522499742987504,0.00942477796076938,0.084070789321417,-0.0,1576595819850404977
-0.0,-0.028193780224523783,0.01780235837034216,0.08849556770675474,-0.0,1576595819860385894
-0.0,-0.029536341187596345,0.012566370614359173,0.09144541996364658,-0.0,1576595819870424985
-0.0,-0.032892743595277746,0.013613568165555772,0.07374630642229563,-0.0,1576595819880467891
-0.0,-0.017453292519943295,0.007330382858376184,0.03392330095425599,-0.0,1576595819890424966
-0.0,-0.014096890112261892,0.006283185307179587,0.041297931596485545,-0.0,1576595819900386095
-0.0,-0.014768170593798173,0.013613568165555772,0.061946897394728306,-0.0,1576595819910413026
-0.0,-0.010069207223044208,0.0031415926535897933,0.0707964541654038,-0.0,1576595819920422077
-0.0,-0.006712804815362805,0.0041887902047863905,0.030973448697364153,-0.0,1576595819930392026
-0.0,-0.01074048770458049,0.011519173063162575,-0.014749261284459123,-0.0,1576595819940407991
-0.0,-0.005370243852290245,0.008377580409572781,-0.02507374418358051,-0.0,1576595819950360059
-0.0,-0.0,0.0020943951023931952,0.020648965798242772,-0.0,1576595819960414886
-0.0,-0.006712804815362805,0.0020943951023931952,0.051622414495606936,-0.0,1576595819970336914
-0.0,0.0006712804815362806,0.0031415926535897933,0.01917403966979686,-0.0,1576595819980391025
-0.0,0.0013425609630725612,0.0,-0.02507374418358051,-0.0,1576595819990410089
-0.0,0.0006712804815362806,0.0010471975511965976,-0.014749261284459123,-0.0,1576595820000464916
-0.0,0.0020138414446088417,0.0,0.016224187412905034,-0.0,1576595820010364055
-0.0,0.006041524333826525,-0.0020943951023931952,0.010324482899121386,-0.0,1576595820020373106
-0.0,0.0020138414446088417,-0.007330382858376184,-0.030973448697364153,-0.0,1576595820030391931
-0.0,0.006712804815362805,-0.008377580409572781,-0.04424778385337737,-0.0,1576595820040406942
-0.0,0.006041524333826525,-0.011519173063162575,-0.030973448697364153,-0.0,1576595820050369977
-0.0,0.014096890112261892,-0.013613568165555772,-0.028023596440472334,-0.0,1576595820060368061
-0.0,0.0046989633707539636,-0.012566370614359173,-0.051622414495606936,-0.0,1576595820070348024
-0.0,0.01275432914918933,-0.020943951023931952,-0.0722713802938497,-0.0,1576595820080434083
-0.0,0.011411768186116769,-0.024085543677521748,-0.07964601093607926,-0.0,1576595820090472936
-0.0,0.01812457300147958,-0.014660765716752368,-0.09882005060587613,-0.0,1576595820100394964
-0.0,0.018795853483015854,-0.024085543677521748,-0.09439527222053838,-0.0,1576595820110433101
-0.0,0.017453292519943295,-0.03665191429188092,-0.10471975511965977,-0.0,1576595820120441913
-0.0,0.0208096949276247,-0.025132741228718346,-0.07522123255074152,-0.0,1576595820130417108
-0.0,0.02148097540916098,-0.03560471674068432,-0.08112093706452517,-0.0,1576595820140399932
-0.0,0.02617993877991494,-0.041887902047863905,-0.11061945963344343,-0.0,1576595820150424003
-0.0,0.028865060706060066,-0.041887902047863905,-0.13864305607391575,-0.0,1576595820160439014
-0.0,0.030878902150668908,-0.0460766922526503,-0.16371680025749627,-0.0,1576595820170425891
-0.0,0.03557786552142287,-0.05026548245743669,-0.15929202187215852,-0.0,1576595820180397987
-0.0,0.02349481685376982,-0.05131268000863328,-0.15191739122992895,-0.0,1576595820190351963
-0.0,0.03557786552142287,-0.05445427266222309,-0.12684364704634846,-0.0,1576595820200423002
-0.0,0.04766091418907592,-0.07120943348136864,-0.168141578642834,-0.0,1576595820210355043
-0.0,0.0208096949276247,-0.06178465552059926,-0.17404128315661765,-0.0,1576595820220413923
-0.0,0.03624914600295916,-0.07435102613495845,-0.1932153228264145,-0.0,1576595820230400085
-0.0,0.05034603611522104,-0.0869173967493176,-0.19616517508330636,-0.0,1576595820240427970
-0.0,0.034235304558350305,-0.08587019919812101,-0.20943951023931953,-0.0,1576595820250380992
-0.0,0.044304511781394516,-0.0932005820564972,-0.22123891926688685,-0.0,1576595820260365009
-0.0,0.04766091418907592,-0.09634217471008699,-0.21238936249621135,-0.0,1576595820270365953
-0.0,0.04363323129985824,-0.09948376736367677,-0.22566369765222458,-0.0,1576595820280456066
-0.0,0.03692042648449543,-0.09634217471008699,-0.22418877152377867,-0.0,1576595820290391921
-0.0,0.04296195081832196,-0.10367255756846318,-0.24188788506512962,-0.0,1576595820300357103
-0.0,0.04027682889217683,-0.10053096491487339,-0.22861354990911642,-0.0,1576595820310364007
-0.0,0.03692042648449543,-0.11205013797803598,-0.25663714634958873,-0.0,1576595820320450067
-0.0,0.04900347515214848,-0.12356931104119852,-0.24041295893668368,-0.0,1576595820330416917
-0.0,0.06578548719055549,-0.12985249634837814,-0.2389380328082378,-0.0,1576595820340382099
-0.0,0.03692042648449543,-0.11938052083641214,-0.25663714634958873,-0.0,1576595820350406885
-0.0,0.05101731659675732,-0.1340412865531645,-0.26991148150560196,-0.0,1576595820360415935
-0.0,0.07719725537667227,-0.1340412865531645,-0.2758111860193856,-0.0,1576595820370390892
-0.0,0.0483321946706122,-0.1434660645139339,-0.2772861121478315,-0.0,1576595820380374908
-0.0,0.04900347515214848,-0.15707963267948966,-0.29203537343229063,-0.0,1576595820390403032
-0.0,0.05370243852290244,-0.1445132620651305,-0.2787610382762774,-0.0,1576595820400401115
-0.0,0.04363323129985824,-0.15289084247470325,-0.3038347824598579,-0.0,1576595820410398006
-0.0,0.04027682889217683,-0.15289084247470325,-0.2802359644047233,-0.0,1576595820420361995
-0.0,0.05101731659675732,-0.15498523757709648,-0.29351029956073654,-0.0,1576595820430358886
-0.0,0.046318353226003355,-0.15707963267948966,-0.2787610382762774,-0.0,1576595820440404891
-0.0,0.04363323129985824,-0.16441001553786586,-0.2846607427900611,-0.0,1576595820450404882
-0.0,0.03960554841064055,-0.15707963267948966,-0.286135668918507,-0.0,1576595820460382938
-0.0,0.046318353226003355,-0.16022122533307945,-0.2831858166616152,-0.0,1576595820470380067
-0.0,0.061757804301337815,-0.18011797880581482,-0.3156341914874253,-0.0,1576595820480423927
-0.0,0.05974396285672898,-0.16964600329384885,-0.29941000407452023,-0.0,1576595820490395069
-0.0,0.060415243338265257,-0.16126842288427606,-0.320058969872763,-0.0,1576595820500370979
-0.0,0.05034603611522104,-0.14974924982111348,-0.29646015181762836,-0.0,1576595820510386943
-0.0,0.05370243852290244,-0.15184364492350666,-0.30678463471674977,-0.0,1576595820520421028
-0.0,0.044304511781394516,-0.1382300767579509,-0.2831858166616152,-0.0,1576595820530421018
-0.0,0.04296195081832196,-0.15289084247470325,-0.2831858166616152,-0.0,1576595820540359973
-0.0,0.04296195081832196,-0.13194689145077132,-0.25811207247803464,-0.0,1576595820550390958
-0.0,0.04766091418907592,-0.1455604596163271,-0.2728613337624938,-0.0,1576595820560431003
-0.0,0.05370243852290244,-0.15812683023068624,-0.2758111860193856,-0.0,1576595820570420026
-0.0,0.038934267929104274,-0.1466076571675237,-0.2625368508633724,-0.0,1576595820580425024
-0.0,0.03624914600295916,-0.1445132620651305,-0.2743362598909397,-0.0,1576595820590359926
-0.0,0.046318353226003355,-0.13089969389957473,-0.24926251570735922,-0.0,1576595820600410938
-0.0,0.05974396285672898,-0.1329940890019679,-0.2551622202211428,-0.0,1576595820610409021
-0.0,0.032892743595277746,-0.12147491593880534,-0.2300884760375623,-0.0,1576595820620393991
-0.0,0.038934267929104274,-0.11205013797803598,-0.22123891926688685,-0.0,1576595820630418062
-0.0,0.04766091418907592,-0.10157816246606997,-0.2300884760375623,-0.0,1576595820640476942
-0.0,0.044975792262930796,-0.09634217471008699,-0.20206487959708996,-0.0,1576595820650422096
-0.0,0.04900347515214848,-0.09634217471008699,-0.21976399313844092,-0.0,1576595820660407066
-0.0,0.027522499742987504,-0.0879645943005142,-0.19616517508330636,-0.0,1576595820670428037
-0.0,0.04698963370753964,-0.09424777960769379,-0.2153392147531032,-0.0,1576595820680517911
-0.0,0.05303115804136616,-0.08587019919812101,-0.19764010121175227,-0.0,1576595820690433025
-0.0,0.032892743595277746,-0.08587019919812101,-0.21828906700999504,-0.0,1576595820700333118
-0.0,0.03692042648449543,-0.07958701389094143,-0.18436576605573907,-0.0,1576595820710398912
-0.0,0.044975792262930796,-0.08063421144213803,-0.19026547056952267,-0.0,1576595820720483064
-0.0,0.0241660973353061,-0.06073745796940267,-0.15191739122992895,-0.0,1576595820730437040
-0.0,0.032892743595277746,-0.05235987755982988,-0.15781709574371264,-0.0,1576595820740453958
-0.0,0.0416193898552494,-0.06283185307179587,-0.1563421696152667,-0.0,1576595820750360012
-0.0,0.0208096949276247,-0.05550147021341968,-0.1312684254316862,-0.0,1576595820760406970
-0.0,0.030207621669132628,-0.039793506945470715,-0.14011798220236166,-0.0,1576595820770389080
-0.0,0.032892743595277746,-0.047123889803846894,-0.12684364704634846,-0.0,1576595820780396938
-0.0,0.028865060706060066,-0.06597344572538566,-0.11209438576188933,-0.0,1576595820790397882
-0.0,0.028193780224523783,-0.03874630939427412,-0.08849556770675474,-0.0,1576595820800404071
-0.0,0.011411768186116769,-0.014660765716752368,-0.10471975511965977,-0.0,1576595820810421943
-0.0,0.02349481685376982,-0.02617993877991494,-0.09439527222053838,-0.0,1576595820820450067
-0.0,0.022152255890697258,-0.030368728984701335,-0.07817108480763335,-0.0,1576595820830363035
-0.0,0.010069207223044208,-0.01780235837034216,-0.05604719288094467,-0.0,1576595820840440988
-0.0,0.022152255890697258,-0.029321531433504737,-0.06637167578006604,-0.0,1576595820850405931
-0.0,0.015439451075334454,-0.02617993877991494,-0.07522123255074152,-0.0,1576595820860388040
-0.0,0.01275432914918933,-0.011519173063162575,-0.05309734062405284,-0.0,1576595820870389938
-0.0,0.016782012038407016,-0.019896753472735357,-0.041297931596485545,-0.0,1576595820880446910
-0.0,0.008055365778435367,-0.010471975511965976,-0.04867256223871511,-0.0,1576595820890434026
-0.0,0.01074048770458049,-0.0031415926535897933,-0.07964601093607926,-0.0,1576595820900401115
-0.0,0.009397926741507927,-0.006283185307179587,-0.061946897394728306,-0.0,1576595820910446882
-0.0,0.0020138414446088417,-0.0031415926535897933,-0.023598818055134595,-0.0,1576595820920371055
-0.0,0.004027682889217683,-0.007330382858376184,0.02507374418358051,-0.0,1576595820930403947
-0.0,0.0046989633707539636,-0.0020943951023931952,0.020648965798242772,-0.0,1576595820940450906
-0.0,0.0020138414446088417,0.0,-0.010324482899121386,-0.0,1576595820950395107
-0.0,0.006712804815362805,-0.0010471975511965976,-0.03982300546803963,-0.0,1576595820960443973
-0.0,-0.0006712804815362806,-0.0020943951023931952,-0.028023596440472334,-0.0,1576595820970410108
-0.0,0.0013425609630725612,-0.0020943951023931952,0.022123891926688684,-0.0,1576595820980426073
-0.0,-0.0,-0.0020943951023931952,0.03244837482581007,-0.0,1576595820990400075
-0.0,-0.0020138414446088417,-0.0020943951023931952,-0.0014749261284459122,-0.0,1576595821000473022
-0.0,-0.0,0.0,-0.014749261284459123,-0.0,1576595821010437965
-0.0,-0.0020138414446088417,0.0,0.020648965798242772,-0.0,1576595821020433902
-0.0,-0.0026851219261451223,0.0020943951023931952,0.04867256223871511,-0.0,1576595821030422925
-0.0,-0.008055365778435367,0.0031415926535897933,0.04719763611026919,-0.0,1576595821040419101
-0.0,-0.0033564024076814026,0.0041887902047863905,0.030973448697364153,-0.0,1576595821050453901
-0.0,-0.007384085296899086,0.007330382858376184,0.029498522568918245,-0.0,1576595821060374975
-0.0,-0.009397926741507927,0.0010471975511965976,0.05014748836716102,-0.0,1576595821070362091
-0.0,-0.009397926741507927,0.00942477796076938,0.084070789321417,-0.0,1576595821080463886
-0.0,-0.01074048770458049,0.0,0.09734512447743023,-0.0,1576595821090368986
-0.0,-0.0046989633707539636,0.0041887902047863905,0.11061945963344343,-0.0,1576595821100385904
-0.0,-0.011411768186116769,0.0031415926535897933,0.10029497673432204,-0.0,1576595821110373020
-0.0,-0.007384085296899086,0.008377580409572781,0.10914453350499752,-0.0,1576595821120413064
-0.0,-0.016110731556870733,0.0041887902047863905,0.09882005060587613,-0.0,1576595821130408048
-0.0,-0.007384085296899086,0.0,0.10471975511965977,-0.0,1576595821140373945
-0.0,-0.018795853483015854,0.0,0.12094394253256481,-0.0,1576595821150386095
-0.0,-0.022152255890697258,-0.0020943951023931952,0.14749261284459125,-0.0,1576595821160414934
-0.0,-0.018795853483015854,-0.0041887902047863905,0.18879054444107676,-0.0,1576595821170406103
-0.0,-0.0208096949276247,-0.00942477796076938,0.19469024895486045,-0.0,1576595821180409908
-0.0,-0.02483737781684238,-0.008377580409572781,0.17846606154195538,-0.0,1576595821190396070
-0.0,-0.02349481685376982,-0.008377580409572781,0.17256635702817175,-0.0,1576595821200479030
-0.0,-0.008726646259971648,-0.007330382858376184,0.20648965798242774,-0.0,1576595821210406064
-0.0,-0.02617993877991494,-0.013613568165555772,0.20943951023931953,-0.0,1576595821220401048
-0.0,-0.02483737781684238,-0.0041887902047863905,0.22566369765222458,-0.0,1576595821230397939
-0.0,-0.02483737781684238,-0.010471975511965976,0.22566369765222458,-0.0,1576595821240443944
-0.0,-0.028193780224523783,-0.02199114857512855,0.24631266345046735,-0.0,1576595821250459909
-0.0,-0.028193780224523783,-0.014660765716752368,0.2713864076340479,-0.0,1576595821260401010
-0.0,-0.03624914600295916,-0.01884955592153876,0.268436555377156,-0.0,1576595821270409107
-0.0,-0.02483737781684238,-0.025132741228718346,0.2949852256891825,-0.0,1576595821280375003
-0.0,-0.03155018263220519,-0.02617993877991494,0.2817108905331692,-0.0,1576595821290438890
-0.0,-0.038934267929104274,-0.02199114857512855,0.30530970858830386,-0.0,1576595821300381898
-0.0,-0.03155018263220519,-0.030368728984701335,0.29646015181762836,-0.0,1576595821310405969
-0.0,-0.03557786552142287,-0.03665191429188092,0.3112094131020875,-0.0,1576595821320441007
-0.0,-0.03557786552142287,-0.030368728984701335,0.3082595608451957,-0.0,1576595821330425977
-0.0,-0.04296195081832196,-0.030368728984701335,0.3421828617994516,-0.0,1576595821340419054
-0.0,-0.02617993877991494,-0.041887902047863905,0.35398227082701894,-0.0,1576595821350383043
-0.0,-0.0416193898552494,-0.05550147021341968,0.35693212308391076,-0.0,1576595821360426902
-0.0,-0.03826298744756799,-0.048171087355043496,0.3716813843683699,-0.0,1576595821370421886
-0.0,-0.0241660973353061,-0.05026548245743669,0.37905601501059943,-0.0,1576595821380422115
-0.0,-0.034235304558350305,-0.048171087355043496,0.39380527629505857,-0.0,1576595821390418052
-0.0,-0.030878902150668908,-0.039793506945470715,0.36873153211147813,-0.0,1576595821400408029
-0.0,-0.028865060706060066,-0.0460766922526503,0.4056046853226259,-0.0,1576595821410392045
-0.0,-0.04027682889217683,-0.053407075111026485,0.37905601501059943,-0.0,1576595821420413017
-0.0,-0.03826298744756799,-0.058643062867009474,0.4115043898364096,-0.0,1576595821430425882
-0.0,-0.04027682889217683,-0.05445427266222309,0.3893804979097209,-0.0,1576595821440424919
-0.0,-0.038934267929104274,-0.06702064327658225,0.3893804979097209,-0.0,1576595821450412034
-0.0,-0.03356402407681403,-0.07644542123735162,0.4159291682217473,-0.0,1576595821460408926
-0.0,-0.03624914600295916,-0.08272860654453122,0.3893804979097209,-0.0,1576595821470400094
-0.0,-0.03624914600295916,-0.09005898940290741,0.4056046853226259,-0.0,1576595821480433940
-0.0,-0.02685121926145122,-0.08482300164692443,0.39675512855195044,-0.0,1576595821490411043
-0.0,-0.0208096949276247,-0.07749261878854824,0.3997049808088422,-0.0,1576595821500370025
-0.0,-0.03557786552142287,-0.07435102613495845,0.3613569014692485,-0.0,1576595821510406017
-0.0,-0.030878902150668908,-0.07644542123735162,0.38348079339593716,-0.0,1576595821520422935
-0.0,-0.016110731556870733,-0.07435102613495845,0.36873153211147813,-0.0,1576595821530427932
-0.0,-0.03624914600295916,-0.0932005820564972,0.38348079339593716,-0.0,1576595821540400028
-0.0,-0.03692042648449543,-0.0973893722612836,0.38495571952438307,-0.0,1576595821550410032
-0.0,-0.022152255890697258,-0.09634217471008699,0.37315631049681586,-0.0,1576595821560437917
-0.0,-0.028865060706060066,-0.0890117918517108,0.38053094113904534,-0.0,1576595821570384025
-0.0,-0.02349481685376982,-0.08482300164692443,0.3495574924416812,-0.0,1576595821580405950
-0.0,-0.022823536372233538,-0.09005898940290741,0.36873153211147813,-0.0,1576595821590380907
-0.0,-0.018795853483015854,-0.09005898940290741,0.3141592653589793,-0.0,1576595821600408077
-0.0,-0.016110731556870733,-0.10471975511965977,0.3156341914874253,-0.0,1576595821610466003
-0.0,-0.022152255890697258,-0.10681415022205297,0.2846607427900611,-0.0,1576595821620429992
-0.0,-0.022152255890697258,-0.10262536001726656,0.2772861121478315,-0.0,1576595821630387067
-0.0,-0.005370243852290245,-0.08063421144213803,0.2787610382762774,-0.0,1576595821640460014
-0.0,-0.018795853483015854,-0.09424777960769379,0.2787610382762774,-0.0,1576595821650427103
-0.0,-0.01812457300147958,-0.0890117918517108,0.2728613337624938,-0.0,1576595821660402059
-0.0,-0.011411768186116769,-0.09005898940290741,0.2389380328082378,-0.0,1576595821670352935
-0.0,-0.015439451075334454,-0.09529497715889039,0.24336281119357556,-0.0,1576595821680417060
-0.0,-0.01275432914918933,-0.0921533845053006,0.21976399313844092,-0.0,1576595821690432071
-0.0,-0.006712804815362805,-0.08482300164692443,0.22566369765222458,-0.0,1576595821700381040
-0.0,-0.009397926741507927,-0.07435102613495845,0.19174039669796858,-0.0,1576595821710402011
-0.0,-0.009397926741507927,-0.07853981633974483,0.19911502734019815,-0.0,1576595821720412969
-0.0,-0.0046989633707539636,-0.07225663103256524,0.17404128315661765,-0.0,1576595821730403900
-0.0,-0.0046989633707539636,-0.07435102613495845,0.17846606154195538,-0.0,1576595821740398883
-0.0,-0.0006712804815362806,-0.07435102613495845,0.168141578642834,-0.0,1576595821750365972
-0.0,-0.006041524333826525,-0.07330382858376185,0.17256635702817175,-0.0,1576595821760443925
-0.0,-0.0,-0.06702064327658225,0.15191739122992895,-0.0,1576595821770412921
-0.0,-0.0026851219261451223,-0.06283185307179587,0.12831857317479436,-0.0,1576595821780389070
-0.0,-0.0026851219261451223,-0.06283185307179587,0.12979349930324027,-0.0,1576595821790393114
-0.0,-0.0,-0.05445427266222309,0.11504423801878115,-0.0,1576595821800426006
-0.0,-0.0026851219261451223,-0.0460766922526503,0.08997049383520064,-0.0,1576595821810398101
-0.0,-0.0,-0.03560471674068432,0.061946897394728306,-0.0,1576595821820386886
-0.0,-0.0020138414446088417,-0.04921828490624009,0.07522123255074152,-0.0,1576595821830409049
-0.0,0.0006712804815362806,-0.03665191429188092,0.07817108480763335,-0.0,1576595821840461969
-0.0,-0.0,-0.03665191429188092,0.06784660190851198,-0.0,1576595821850368022
-0.0,-0.0006712804815362806,-0.04084070449666732,0.028023596440472334,-0.0,1576595821860409021
-0.0,-0.0,-0.029321531433504737,0.041297931596485545,-0.0,1576595821870394945
-0.0,-0.0,-0.03665191429188092,0.07374630642229563,-0.0,1576595821880475997
-0.0,-0.0006712804815362806,-0.03769911184307752,0.07817108480763335,-0.0,1576595821890397071
-0.0,-0.0020138414446088417,-0.02199114857512855,0.05899704513783649,-0.0,1576595821900360107
-0.0,-0.0013425609630725612,-0.029321531433504737,0.020648965798242772,-0.0,1576595821910423040
-0.0,-0.0,-0.015707963267948967,-0.004424778385337737,-0.0,1576595821920458078
-0.0,0.0006712804815362806,-0.010471975511965976,-0.014749261284459123,-0.0,1576595821930449008
-0.0,0.0006712804815362806,-0.01780235837034216,0.004424778385337737,-0.0,1576595821940428018
-0.0,0.0020138414446088417,-0.005235987755982988,0.02507374418358051,-0.0,1576595821950412034
-0.0,0.0020138414446088417,-0.00942477796076938,0.01769911354135095,-0.0,1576595821960458040
-0.0,0.0020138414446088417,0.0,-0.020648965798242772,-0.0,1576595821970431089
-0.0,0.0006712804815362806,0.0,-0.022123891926688684,-0.0,1576595821980415105
-0.0,0.0020138414446088417,-0.0031415926535897933,0.010324482899121386,-0.0,1576595821990370035
-0.0,0.0006712804815362806,0.0,0.01769911354135095,-0.0,1576595822000473022
-0.0,0.0013425609630725612,0.0,-0.011799409027567298,-0.0,1576595822010387897
-0.0,0.0006712804815362806,0.0041887902047863905,-0.029498522568918245,-0.0,1576595822020404100
-0.0,-0.0,0.006283185307179587,-0.014749261284459123,-0.0,1576595822030401945
-0.0,-0.0013425609630725612,0.010471975511965976,-0.0,-0.0,1576595822040472030
-0.0,-0.0,0.010471975511965976,-0.02654867031202642,-0.0,1576595822050403118
-0.0,-0.0,0.015707963267948967,-0.051622414495606936,-0.0,1576595822060403108
-0.0,-0.0,0.020943951023931952,-0.041297931596485545,-0.0,1576595822070415973
-0.0,-0.0020138414446088417,0.024085543677521748,-0.020648965798242772,-0.0,1576595822080415964
-0.0,-0.0033564024076814026,0.02617993877991494,-0.01327433515601321,-0.0,1576595822090373039
-0.0,-0.0,0.02199114857512855,-0.03982300546803963,-0.0,1576595822100387096
-0.0,-0.0046989633707539636,0.03560471674068432,-0.061946897394728306,-0.0,1576595822110397100
-0.0,0.0020138414446088417,0.03769911184307752,-0.060471971266282405,-0.0,1576595822120466947
-0.0,-0.0020138414446088417,0.025132741228718346,-0.03687315321114781,-0.0,1576595822130392074
-0.0,-0.0,0.027227136331111543,-0.020648965798242772,-0.0,1576595822140431880
-0.0,-0.0046989633707539636,0.041887902047863905,-0.008849556770675475,-0.0,1576595822150389909
-0.0,-0.0020138414446088417,0.05550147021341968,-0.041297931596485545,-0.0,1576595822160419940
-0.0,-0.008055365778435367,0.03874630939427412,-0.07522123255074152,-0.0,1576595822170392990
-0.0,-0.0,0.047123889803846894,-0.05899704513783649,-0.0,1576595822180387020
-0.0,-0.008055365778435367,0.06492624817418907,-0.014749261284459123,-0.0,1576595822190371036
-0.0,-0.008726646259971648,0.05235987755982988,0.0014749261284459122,-0.0,1576595822200463056
-0.0,-0.009397926741507927,0.05550147021341968,-0.04277285772493145,-0.0,1576595822210397005
-0.0,-0.011411768186116769,0.06283185307179587,-0.09439527222053838,-0.0,1576595822220408916
-0.0,-0.008055365778435367,0.05550147021341968,-0.10471975511965977,-0.0,1576595822230398893
-0.0,-0.01074048770458049,0.05235987755982988,-0.0707964541654038,-0.0,1576595822240447044
-0.0,-0.014096890112261892,0.06387905062299246,-0.03834807933959372,-0.0,1576595822250444889
-0.0,-0.016110731556870733,0.058643062867009474,-0.010324482899121386,-0.0,1576595822260432958
-0.0,-0.014768170593798173,0.05759586531581287,-0.02507374418358051,-0.0,1576595822270391941
-0.0,-0.01342560963072561,0.056548667764616284,-0.041297931596485545,-0.0,1576595822280487060
-0.0,-0.01342560963072561,0.06702064327658225,-0.04277285772493145,-0.0,1576595822290442943
-0.0,-0.0208096949276247,0.06283185307179587,-0.03244837482581007,-0.0,1576595822300435066
-0.0,-0.014096890112261892,0.06911503837897545,-0.03687315321114781,-0.0,1576595822310408115
-0.0,-0.015439451075334454,0.07330382858376185,-0.05457226675249876,-0.0,1576595822320432901
-0.0,-0.02349481685376982,0.06283185307179587,-0.0707964541654038,-0.0,1576595822330421924
-0.0,-0.01275432914918933,0.06178465552059926,-0.061946897394728306,-0.0,1576595822340413093
-0.0,-0.017453292519943295,0.05131268000863328,-0.028023596440472334,-0.0,1576595822350431919
-0.0,-0.017453292519943295,0.05969026041820607,-0.016224187412905034,-0.0,1576595822360416889
-0.0,-0.018795853483015854,0.05969026041820607,-0.020648965798242772,-0.0,1576595822370410919
-0.0,-0.016110731556870733,0.05550147021341968,-0.03687315321114781,-0.0,1576595822380386114
-0.0,-0.02148097540916098,0.056548667764616284,-0.030973448697364153,-0.0,1576595822390324115
-0.0,-0.018795853483015854,0.05969026041820607,-0.01917403966979686,-0.0,1576595822400433063
-0.0,-0.02349481685376982,0.06387905062299246,-0.03392330095425599,-0.0,1576595822410398006
-0.0,-0.019467133964552137,0.06492624817418907,-0.057522119009390575,-0.0,1576595822420367956
-0.0,-0.022823536372233538,0.06387905062299246,-0.05899704513783649,-0.0,1576595822430418014
-0.0,-0.02148097540916098,0.05969026041820607,-0.0353982270827019,-0.0,1576595822440418004
-0.0,-0.0208096949276247,0.05131268000863328,-0.022123891926688684,-0.0,1576595822450354099
-0.0,-0.016110731556870733,0.05131268000863328,-0.010324482899121386,-0.0,1576595822460366010
-0.0,-0.015439451075334454,0.04921828490624009,-0.02654867031202642,-0.0,1576595822470391988
-0.0,-0.016110731556870733,0.03665191429188092,-0.0353982270827019,-0.0,1576595822480421066
-0.0,-0.01208304866765305,0.0460766922526503,-0.02507374418358051,-0.0,1576595822490406036
-0.0,-0.016782012038407016,0.05235987755982988,0.004424778385337737,-0.0,1576595822500453948
-0.0,-0.014768170593798173,0.0460766922526503,0.004424778385337737,-0.0,1576595822510409116
-0.0,-0.016110731556870733,0.04084070449666732,-0.02507374418358051,-0.0,1576595822520417928
-0.0,-0.018795853483015854,0.041887902047863905,-0.04719763611026919,-0.0,1576595822530416011
-0.0,-0.009397926741507927,0.048171087355043496,-0.03834807933959372,-0.0,1576595822540369987
-0.0,-0.01275432914918933,0.02617993877991494,-0.004424778385337737,-0.0,1576595822550347089
-0.0,-0.009397926741507927,0.029321531433504737,-0.0029498522568918244,-0.0,1576595822560447931
-0.0,-0.014096890112261892,0.03665191429188092,-0.0353982270827019,-0.0,1576595822570410013
-0.0,-0.006041524333826525,0.019896753472735357,-0.05899704513783649,-0.0,1576595822580394029
-0.0,-0.011411768186116769,0.02303834612632515,-0.03834807933959372,-0.0,1576595822590368032
-0.0,-0.014768170593798173,0.028274333882308142,0.0014749261284459122,-0.0,1576595822600411891
-0.0,-0.0046989633707539636,0.019896753472735357,0.020648965798242772,-0.0,1576595822610357046
-0.0,-0.008726646259971648,0.01884955592153876,0.0014749261284459122,-0.0,1576595822620359897
-0.0,-0.006712804815362805,0.014660765716752368,-0.02507374418358051,-0.0,1576595822630371093
-0.0,-0.0026851219261451223,0.010471975511965976,-0.022123891926688684,-0.0,1576595822640458106
-0.0,-0.008055365778435367,0.016755160819145562,0.004424778385337737,-0.0,1576595822650387048
-0.0,-0.0013425609630725612,0.00942477796076938,0.022123891926688684,-0.0,1576595822660396099
-0.0,-0.006041524333826525,0.013613568165555772,0.011799409027567298,-0.0,1576595822670367002
-0.0,-0.0,0.005235987755982988,-0.014749261284459123,-0.0,1576595822680476903
-0.0,-0.0,0.005235987755982988,-0.02507374418358051,-0.0,1576595822690399885
-0.0,-0.006712804815362805,0.007330382858376184,0.0014749261284459122,-0.0,1576595822700392007
-0.0,-0.0,0.0,0.022123891926688684,-0.0,1576595822710336923
-0.0,-0.0020138414446088417,0.0010471975511965976,-0.005899704513783649,-0.0,1576595822720366954
-0.0,0.004027682889217683,0.0031415926535897933,-0.030973448697364153,-0.0,1576595822730444908
-0.0,-0.0,0.0010471975511965976,-0.01917403966979686,-0.0,1576595822740372896
-0.0,-0.0013425609630725612,0.0031415926535897933,0.011799409027567298,-0.0,1576595822750399112
-0.0,-0.0013425609630725612,0.0020943951023931952,0.005899704513783649,-0.0,1576595822760457038
-0.0,-0.0,0.0020943951023931952,-0.01769911354135095,-0.0,1576595822770349025
-0.0,0.0020138414446088417,0.0,-0.02507374418358051,-0.0,1576595822780342102
-0.0,0.0033564024076814026,-0.0041887902047863905,-0.004424778385337737,-0.0,1576595822790349960
-0.0,0.0020138414446088417,-0.0031415926535897933,0.014749261284459123,-0.0,1576595822800461053
-0.0,0.006041524333826525,-0.007330382858376184,-0.0,-0.0,1576595822810389041
-0.0,-0.0,-0.006283185307179587,-0.020648965798242772,-0.0,1576595822820413112
-0.0,0.006712804815362805,-0.007330382858376184,-0.01917403966979686,-0.0,1576595822830424070
-0.0,-0.0,-0.007330382858376184,0.0014749261284459122,-0.0,1576595822840429067
-0.0,0.007384085296899086,-0.00942477796076938,0.005899704513783649,-0.0,1576595822850410938
-0.0,0.0020138414446088417,-0.007330382858376184,-0.010324482899121386,-0.0,1576595822860409975
-0.0,0.005370243852290245,-0.00942477796076938,-0.02507374418358051,-0.0,1576595822870383024
-0.0,0.0026851219261451223,-0.010471975511965976,-0.01917403966979686,-0.0,1576595822880443096
-0.0,0.004027682889217683,-0.005235987755982988,0.004424778385337737,-0.0,1576595822890444040
-0.0,0.004027682889217683,-0.005235987755982988,-0.0,-0.0,1576595822900418043
-0.0,0.0046989633707539636,-0.007330382858376184,-0.016224187412905034,-0.0,1576595822910401105
-0.0,0.0013425609630725612,-0.0041887902047863905,-0.014749261284459123,-0.0,1576595822920417070
-0.0,0.0020138414446088417,-0.008377580409572781,0.0029498522568918244,-0.0,1576595822930403947
-0.0,0.0026851219261451223,-0.0031415926535897933,-0.004424778385337737,-0.0,1576595822940402030
-0.0,0.0020138414446088417,-0.0031415926535897933,-0.020648965798242772,-0.0,1576595822950396060
-0.0,0.0013425609630725612,-0.0031415926535897933,-0.014749261284459123,-0.0,1576595822960445880
-0.0,0.0046989633707539636,-0.0031415926535897933,0.004424778385337737,-0.0,1576595822970402002
-0.0,-0.0020138414446088417,-0.0041887902047863905,0.007374630642229561,-0.0,1576595822980376005
-0.0,0.0006712804815362806,-0.0020943951023931952,-0.005899704513783649,-0.0,1576595822990364074
-0.0,0.0020138414446088417,-0.005235987755982988,-0.016224187412905034,-0.0,1576595823000422000
-0.0,0.0006712804815362806,0.0010471975511965976,-0.014749261284459123,-0.0,1576595823010394096
-0.0,-0.0020138414446088417,-0.0010471975511965976,-0.011799409027567298,-0.0,1576595823020375967
-0.0,-0.0026851219261451223,0.0020943951023931952,-0.0,-0.0,1576595823030421018
-0.0,-0.0013425609630725612,0.006283185307179587,0.007374630642229561,-0.0,1576595823040436029
-0.0,-0.006712804815362805,0.007330382858376184,-0.0,-0.0,1576595823050427913
-0.0,-0.0006712804815362806,0.014660765716752368,-0.0,-0.0,1576595823060390949
-0.0,-0.009397926741507927,0.005235987755982988,0.004424778385337737,-0.0,1576595823070449113
-0.0,-0.006041524333826525,0.012566370614359173,0.010324482899121386,-0.0,1576595823080445051
-0.0,-0.011411768186116769,0.019896753472735357,-0.0,-0.0,1576595823090409994
-0.0,-0.005370243852290245,0.01780235837034216,-0.0029498522568918244,-0.0,1576595823100373029
-0.0,-0.008726646259971648,0.016755160819145562,0.008849556770675475,-0.0,1576595823110349893
-0.0,-0.016782012038407016,0.01780235837034216,0.01327433515601321,-0.0,1576595823120443105
-0.0,-0.014096890112261892,0.02303834612632515,0.004424778385337737,-0.0,1576595823130434036
-0.0,-0.0208096949276247,0.02617993877991494,-0.0,-0.0,1576595823140446901
-0.0,-0.022823536372233538,0.028274333882308142,0.011799409027567298,-0.0,1576595823150356054
-0.0,-0.014768170593798173,0.03874630939427412,0.01327433515601321,-0.0,1576595823160440921
-0.0,-0.016782012038407016,0.033510321638291124,0.007374630642229561,-0.0,1576595823170432090
-0.0,-0.030878902150668908,0.032463124087094536,0.01327433515601321,-0.0,1576595823180392980
-0.0,-0.029536341187596345,0.03874630939427412,0.030973448697364153,-0.0,1576595823190344095
-0.0,-0.032221463113741466,0.03769911184307752,0.01917403966979686,-0.0,1576595823200417041
-0.0,-0.04094810937371311,0.0460766922526503,0.0029498522568918244,-0.0,1576595823210361957
-0.0,-0.03557786552142287,0.04921828490624009,0.005899704513783649,-0.0,1576595823220382928
-0.0,-0.04296195081832196,0.06702064327658225,0.030973448697364153,-0.0,1576595823230366945
-0.0,-0.029536341187596345,0.05969026041820607,0.05014748836716102,-0.0,1576595823240426063
-0.0,-0.04766091418907592,0.05759586531581287,0.030973448697364153,-0.0,1576595823250431060
-0.0,-0.05504499948597501,0.06911503837897545,0.016224187412905034,-0.0,1576595823260399103
-0.0,-0.04766091418907592,0.06702064327658225,0.029498522568918245,-0.0,1576595823270389080
-0.0,-0.044975792262930796,0.06283185307179587,0.03982300546803963,-0.0,1576595823280435085
-0.0,-0.05034603611522104,0.06283185307179587,0.02507374418358051,-0.0,1576595823290388107
-0.0,-0.05235987755982988,0.07644542123735162,0.01917403966979686,-0.0,1576595823300379991
-0.0,-0.04766091418907592,0.08063421144213803,0.020648965798242772,-0.0,1576595823310405969
-0.0,-0.056387560449047566,0.08482300164692443,0.03244837482581007,-0.0,1576595823320452928
-0.0,-0.045647072744467075,0.08377580409572781,0.028023596440472334,-0.0,1576595823330413103
-0.0,-0.05773012141212013,0.07853981633974483,0.011799409027567298,-0.0,1576595823340377092
-0.0,-0.07384085296899086,0.0869173967493176,0.0014749261284459122,-0.0,1576595823350409030
-0.0,-0.07182701152438203,0.09634217471008699,0.010324482899121386,-0.0,1576595823360445976
-0.0,-0.07384085296899086,0.10681415022205297,0.02654867031202642,-0.0,1576595823370449066
-0.0,-0.06310036526441037,0.09529497715889039,0.02507374418358051,-0.0,1576595823380412101
-0.0,-0.06242908478287409,0.10471975511965977,0.011799409027567298,-0.0,1576595823390398979
-0.0,-0.06108652381980152,0.11309733552923257,-0.0,-0.0,1576595823400439977
-0.0,-0.061757804301337815,0.09948376736367677,0.028023596440472334,-0.0,1576595823410340070
-0.0,-0.06444292622748293,0.0921533845053006,0.057522119009390575,-0.0,1576595823420411109
-0.0,-0.06444292622748293,0.09843656981248018,0.05604719288094467,-0.0,1576595823430437088
-0.0,-0.05235987755982988,0.091106186954104,0.029498522568918245,-0.0,1576595823440464019
-0.0,-0.07048445056130946,0.0890117918517108,0.020648965798242772,-0.0,1576595823450397968
-0.0,-0.07182701152438203,0.08377580409572781,0.022123891926688684,-0.0,1576595823460380077
-0.0,-0.06578548719055549,0.10053096491487339,0.04277285772493145,-0.0,1576595823470371007
-0.0,-0.06377164574594665,0.10262536001726656,0.03834807933959372,-0.0,1576595823480457067
-0.0,-0.06444292622748293,0.09005898940290741,0.010324482899121386,-0.0,1576595823490381956
-0.0,-0.06847060911670061,0.08587019919812101,-0.004424778385337737,-0.0,1576595823500382900
-0.0,-0.07249829200591831,0.09529497715889039,0.004424778385337737,-0.0,1576595823510325908
-0.0,-0.05101731659675732,0.08377580409572781,0.030973448697364153,-0.0,1576595823520394086
-0.0,-0.05437371900443873,0.08168140899333463,0.02654867031202642,-0.0,1576595823530411958
-0.0,-0.05705884093058385,0.07853981633974483,0.0014749261284459122,-0.0,1576595823540366888
-0.0,-0.04967475563368476,0.06702064327658225,-0.008849556770675475,-0.0,1576595823550368070
-0.0,-0.05034603611522104,0.07435102613495845,0.0029498522568918244,-0.0,1576595823560409069
-0.0,-0.05705884093058385,0.07016223593017204,0.030973448697364153,-0.0,1576595823570416927
-0.0,-0.05101731659675732,0.07016223593017204,0.041297931596485545,-0.0,1576595823580380916
-0.0,-0.04698963370753964,0.06806784082777884,0.028023596440472334,-0.0,1576595823590383052
-0.0,-0.04766091418907592,0.06283185307179587,-0.0,-0.0,1576595823600399971
-0.0,-0.05101731659675732,0.05969026041820607,0.016224187412905034,-0.0,1576595823610404968
-0.0,-0.03826298744756799,0.05131268000863328,0.04424778385337737,-0.0,1576595823620378017
-0.0,-0.044304511781394516,0.05550147021341968,0.03687315321114781,-0.0,1576595823630383014
-0.0,-0.05034603611522104,0.07225663103256524,-0.004424778385337737,-0.0,1576595823640414953
-0.0,-0.017453292519943295,0.0439822971502571,-0.004424778385337737,-0.0,1576595823650392055
-0.0,-0.03960554841064055,0.03769911184307752,0.016224187412905034,-0.0,1576595823660396099
-0.0,-0.04027682889217683,0.05131268000863328,0.029498522568918245,-0.0,1576595823670418977
-0.0,-0.006712804815362805,0.033510321638291124,0.010324482899121386,-0.0,1576595823680466890
-0.0,-0.028193780224523783,0.032463124087094536,-0.010324482899121386,-0.0,1576595823690404891
-0.0,-0.02550865829837866,0.034557519189487726,-0.005899704513783649,-0.0,1576595823700380086
-0.0,-0.008055365778435367,0.02617993877991494,0.007374630642229561,-0.0,1576595823710372924
-0.0,-0.02685121926145122,0.033510321638291124,0.0029498522568918244,-0.0,1576595823720417976
-0.0,-0.020138414446088417,0.031415926535897934,-0.004424778385337737,-0.0,1576595823730406999
-0.0,-0.010069207223044208,0.011519173063162575,-0.0029498522568918244,-0.0,1576595823740380048
-0.0,-0.0208096949276247,0.02617993877991494,-0.0029498522568918244,-0.0,1576595823750401020
-0.0,-0.006712804815362805,0.02199114857512855,0.004424778385337737,-0.0,1576595823760407924
-0.0,-0.006041524333826525,0.0020943951023931952,0.005899704513783649,-0.0,1576595823770410060
-0.0,-0.01208304866765305,0.019896753472735357,-0.004424778385337737,-0.0,1576595823780368089
-0.0,-0.006712804815362805,0.011519173063162575,-0.010324482899121386,-0.0,1576595823790394067
-0.0,-0.007384085296899086,0.0,-0.014749261284459123,-0.0,1576595823800426959
-0.0,-0.008055365778435367,0.011519173063162575,-0.0029498522568918244,-0.0,1576595823810405969
-0.0,-0.0013425609630725612,0.0041887902047863905,0.0014749261284459122,-0.0,1576595823820410013
-0.0,-0.0020138414446088417,0.0,-0.004424778385337737,-0.0,1576595823830389976
-0.0,-0.0020138414446088417,0.005235987755982988,-0.010324482899121386,-0.0,1576595823840440988
-0.0,0.0006712804815362806,0.005235987755982988,-0.0,-0.0,1576595823850423097
-0.0,-0.0013425609630725612,0.0010471975511965976,0.0014749261284459122,-0.0,1576595823860399007
-0.0,-0.0,0.0,-0.0,-0.0,1576595823870400905
-0.0,-0.0013425609630725612,0.0010471975511965976,-0.0,-0.0,1576595823880453109
-0.0,-0.0020138414446088417,0.0010471975511965976,-0.0,-0.0,1576595823890404939
-0.0,-0.0006712804815362806,0.0,0.0014749261284459122,-0.0,1576595823900397062
-0.0,-0.0,0.0,-0.0,-0.0,1576595823910398960
-0.0,0.0020138414446088417,-0.0010471975511965976,-0.0,-0.0,1576595823920448064
-0.0,0.0006712804815362806,-0.0010471975511965976,-0.0,-0.0,1576595823930449962
-0.0,-0.0,0.0,-0.0,-0.0,1576595823940454959
-0.0,0.0013425609630725612,0.0,-0.0,-0.0,1576595823950347900
-0.0,0.0013425609630725612,-0.0010471975511965976,-0.0,-0.0,1576595823960436105
-0.0,0.0020138414446088417,0.0,-0.0,-0.0,1576595823970448017
-0.0,0.0020138414446088417,-0.0010471975511965976,-0.0,-0.0,1576595823980427026
-0.0,0.0020138414446088417,-0.0010471975511965976,-0.0,-0.0,1576595823990408897
