arm_joint_1.eff,arm_joint_2.eff,arm_joint_3.eff,arm_joint_4.eff,arm_joint_5.eff,time_stamp
-0.0,0.250848,0.19765,-0.083283,-0.0,1576595814000159025
-0.0,0.250848,0.19765,-0.083283,-0.0,1576595814000473022
-0.0,0.250848,0.19765,-0.083283,-0.0,1576595814010416984
-0.0,0.250848,0.19765,-0.083283,-0.0,1576595814020421028
-0.0,0.250848,0.19765,-0.083283,-0.0,1576595814030472040
-0.0,0.250848,0.19765,-0.083283,-0.0,1576595814040411949
-0.0,0.29788200000000004,0.19765,-0.086904,-0.0,1576595814050420045
-0.0,0.355368,0.19765,-0.094146,-0.0,1576595814060406923
-0.0,0.371046,0.19765,-0.10138799999999999,-0.0,1576595814070396900
-0.0,0.42330600000000007,0.19765,-0.36934199999999995,-0.0,1576595814080439090
-0.0,-1.964976,0.19765,-0.007241999999999999,-0.0,1576595814090425014
-0.0,0.125424,0.22110000000000002,-0.090525,-0.0,1576595814100393056
-0.0,0.491244,-0.13735,-0.46348799999999996,-0.0,1576595814110398054
-0.0,3.381222,0.28140000000000004,-0.525045,-0.0,1576595814120485067
-0.0,-0.590538,-0.0871,0.083283,-0.0,1576595814130409002
-0.0,3.1146960000000004,0.29814999999999997,0.0036209999999999997,-0.0,1576595814140419960
-0.0,-1.0347480000000002,-0.05360000000000001,-0.7676519999999999,-0.0,1576595814150392055
-0.0,4.83405,0.32495,-0.6300539999999999,-0.0,1576595814160439014
-0.0,-1.6932240000000003,1.52425,-0.27157499999999996,-0.0,1576595814170407056
-0.0,4.745208,0.27135,0.304164,-0.0,1576595814180421113
-0.0,3.4230300000000002,-0.01005,0.090525,-0.0,1576595814190414905
-0.0,3.4282560000000006,0.335,-0.44900399999999996,-0.0,1576595814200423002
-0.0,7.081230000000001,1.5309500000000003,-0.496077,-0.0,1576595814210427999
-0.0,-0.60099,0.29145,-0.141219,-0.0,1576595814220448017
-0.0,6.793800000000001,1.48405,0.173808,-0.0,1576595814230403900
-0.0,3.63207,-0.42545,-0.19191299999999997,-0.0,1576595814240425109
-0.0,5.926284,2.8207,-0.25347000000000003,-0.0,1576595814250412940
-0.0,0.6689280000000001,1.9597499999999999,-0.8111039999999999,-0.0,1576595814260421037
-0.0,5.842668000000001,-0.2948,-0.351237,-0.0,1576595814270407915
-0.0,3.642522,-0.33835,-0.19915499999999997,-0.0,1576595814280459880
-0.0,0.60099,-0.3015,-0.25709099999999996,-0.0,1576595814290411949
-0.0,4.327128,1.52425,-0.10138799999999999,-0.0,1576595814300421953
-0.0,0.07839,1.1993,-0.358479,-0.0,1576595814310419082
-0.0,2.9213340000000003,1.00835,-0.304164,-0.0,1576595814320445060
-0.0,4.206930000000001,1.57785,-0.572118,-0.0,1576595814330383062
-0.0,1.876134,2.5661,-0.6264329999999999,-0.0,1576595814340415954
-0.0,4.212156000000001,0.25125000000000003,-0.354858,-0.0,1576595814350426912
-0.0,3.6163920000000003,-1.01505,-0.20639699999999997,-0.0,1576595814360450029
-0.0,2.8272660000000007,3.0116500000000004,-0.054314999999999995,-0.0,1576595814370414972
-0.0,1.3639860000000001,0.17085,-0.31502699999999995,-0.0,1576595814380398035
-0.0,2.853396000000001,1.50415,-0.36572099999999996,-0.0,1576595814390368938
-0.0,1.51554,2.3617500000000002,-0.5178029999999999,-0.0,1576595814400382041
-0.0,2.9788200000000002,0.9078500000000002,-0.354858,-0.0,1576595814410443067
-0.0,5.424588,1.73865,-0.41641500000000004,-0.0,1576595814420392990
-0.0,4.83405,0.7972999999999999,-0.3621,-0.0,1576595814430408954
-0.0,4.1337660000000005,2.65655,-0.41279399999999994,-0.0,1576595814440429925
-0.0,4.996056,1.8358000000000003,-0.3621,-0.0,1576595814450427055
-0.0,6.537725999999999,2.20095,-0.210018,-0.0,1576595814460417032
-0.0,3.7156860000000003,2.345,-0.467109,-0.0,1576595814470407009
-0.0,1.17585,0.9815499999999999,-0.3114059999999999,-0.0,1576595814480448961
-0.0,1.1915280000000001,1.8860499999999998,-0.26071199999999994,-0.0,1576595814490434885
-0.0,5.884475999999999,2.29475,-0.31502699999999995,-0.0,1576595814500402927
-0.0,1.369212,0.52595,-0.26071199999999994,-0.0,1576595814510395050
-0.0,5.27826,2.0971,-0.423657,-0.0,1576595814520448923
-0.0,1.4894100000000001,1.9061499999999998,-0.26795399999999997,-0.0,1576595814530397891
-0.0,1.4371500000000004,1.9798499999999999,-0.427278,-0.0,1576595814540374040
-0.0,5.3618760000000005,0.59965,-0.27157499999999996,-0.0,1576595814550394058
-0.0,4.044924000000001,0.84085,-0.22088099999999997,-0.0,1576595814560467958
-0.0,3.093792,2.55605,-0.376584,-0.0,1576595814570386886
-0.0,4.666818000000001,0.96815,-0.43451999999999996,-0.0,1576595814580406904
-0.0,6.187584,1.8056500000000002,-0.068799,-0.0,1576595814590401887
-0.0,2.3830560000000003,2.2914000000000003,-0.13397699999999998,-0.0,1576595814600429058
-0.0,4.781790000000001,0.52595,-0.17018699999999998,-0.0,1576595814610433101
-0.0,3.29238,1.8123500000000001,-0.333132,-0.0,1576595814620419979
-0.0,1.7245800000000002,2.2378,-0.18105,-0.0,1576595814630369901
-0.0,3.2348940000000006,0.46565000000000006,-0.32951099999999994,-0.0,1576595814640424013
-0.0,0.935454,1.1993,-0.39468899999999996,-0.0,1576595814650404930
-0.0,2.461446,2.1842,-0.137598,-0.0,1576595814660449028
-0.0,-0.60099,0.42880000000000007,-0.401931,-0.0,1576595814670416116
-0.0,2.3778300000000003,1.9899,-0.45262499999999994,-0.0,1576595814680442094
-0.0,3.9404040000000005,1.8291000000000002,-0.29692199999999996,-0.0,1576595814690401077
-0.0,4.123314000000001,0.9380000000000002,-0.561255,-0.0,1576595814700401067
-0.0,0.193362,1.30315,-0.30054299999999995,-0.0,1576595814710403919
-0.0,1.625286,1.5443500000000001,-0.36572099999999996,-0.0,1576595814720439910
-0.0,1.5782520000000002,1.4472,-0.31502699999999995,-0.0,1576595814730393886
-0.0,-0.7211880000000002,1.7989500000000003,-0.372963,-0.0,1576595814740387916
-0.0,1.494636,2.0334499999999998,-0.11587199999999999,-0.0,1576595814750365018
-0.0,2.45622,0.7738500000000001,-0.282438,-0.0,1576595814760416030
-0.0,-0.81003,1.67165,0.07966199999999998,-0.0,1576595814770384073
-0.0,3.903822000000001,1.6951,-0.18105,-0.0,1576595814780406951
-0.0,-0.8727420000000001,2.08705,-0.137598,-0.0,1576595814790426969
-0.0,3.1042440000000004,1.7889000000000002,-0.090525,-0.0,1576595814800432920
-0.0,2.3255700000000004,1.25625,-0.246228,-0.0,1576595814810429096
-0.0,1.546896,1.69175,-0.094146,-0.0,1576595814820431947
-0.0,1.536444,-0.29814999999999997,0.047073,-0.0,1576595814830400943
-0.0,-0.930228,1.2529000000000001,-0.0,-0.0,1576595814840436935
-0.0,3.046758,1.1289500000000001,-0.275196,-0.0,1576595814850426912
-0.0,3.78885,-0.97485,-0.210018,-0.0,1576595814860416889
-0.0,1.269918,0.7772,-0.173808,-0.0,1576595814870429039
-0.0,-3.76272,0.8442000000000001,-0.12673500000000001,-0.0,1576595814880500078
-0.0,4.849728000000001,-0.98825,-0.286059,-0.0,1576595814890408039
-0.0,-0.39717600000000003,1.6348,-0.03983099999999999,-0.0,1576595814900389909
-0.0,-4.368936000000001,1.71855,0.014483999999999999,-0.0,1576595814910370111
-0.0,4.541394,-0.52595,0.31864799999999993,-0.0,1576595814920445919
-0.0,0.7839,-0.6432,-0.304164,-0.0,1576595814930409908
-0.0,2.518932,-0.15745,-0.9812909999999999,-0.0,1576595814940378904
-0.0,5.199870000000001,-0.6164,-0.611949,-0.0,1576595814950422048
-0.0,-4.4264220000000005,-0.5795499999999999,0.141219,-0.0,1576595814960433006
-0.0,-2.29944,0.19095,0.5431499999999999,-0.0,1576595814970482110
-0.0,1.7820660000000004,-0.1809,0.564876,-0.0,1576595814980441093
-0.0,-0.13065000000000002,0.14405,-0.40917299999999995,-0.0,1576595814990430116
-0.0,-0.036582,0.1675,-0.496077,-0.0,1576595815000442028
-0.0,-0.13065000000000002,0.14405,0.20277599999999998,-0.0,1576595815010426044
-0.0,-3.8567880000000003,0.1206,0.7386839999999999,-0.0,1576595815020420074
-0.0,-3.6843300000000005,0.4690000000000001,0.57936,-0.0,1576595815030409097
-0.0,-1.494636,-1.4773500000000002,0.23898599999999998,-0.0,1576595815040457010
-0.0,-5.539560000000001,0.4355,0.09776699999999999,-0.0,1576595815050390958
-0.0,-6.689280000000001,-1.5510500000000003,0.32588999999999996,-0.0,1576595815060400962
-0.0,-3.76272,-0.6465500000000001,0.695232,-0.0,1576595815070368051
-0.0,-8.878974000000001,-1.608,0.32588999999999996,-0.0,1576595815080478906
-0.0,-0.5957640000000001,-0.6365000000000001,-0.028967999999999997,-0.0,1576595815090398073
-0.0,-4.5309420000000005,-2.52925,-0.282438,-0.0,1576595815100449085
-0.0,-2.6077740000000005,-1.7688000000000001,0.5938439999999999,-0.0,1576595815110443115
-0.0,-5.455944000000001,-1.4472,0.966807,-0.0,1576595815120405912
-0.0,-4.233060000000001,-2.9078,0.604707,-0.0,1576595815130382061
-0.0,-2.001558,0.28475,0.564876,-0.0,1576595815140397071
-0.0,-5.476848,-1.7788500000000003,0.20277599999999998,-0.0,1576595815150366067
-0.0,-1.2228840000000003,-0.01005,0.057935999999999994,-0.0,1576595815160434007
-0.0,-2.153112,-2.4187000000000003,0.22088099999999997,-0.0,1576595815170418024
-0.0,-7.363434000000001,-0.12395,0.48159299999999994,-0.0,1576595815180377960
-0.0,-2.3517,-2.9111499999999997,0.8581769999999999,-0.0,1576595815190383911
-0.0,-4.635462,-2.79725,0.39106799999999997,-0.0,1576595815200448989
-0.0,-1.818648,0.013400000000000002,0.343995,-0.0,1576595815210408926
-0.0,-7.112586,-2.6431500000000003,-0.0036209999999999997,-0.0,1576595815220405101
-0.0,-1.865682,0.21105000000000002,0.568497,-0.0,1576595815230436086
-0.0,-7.305948,-3.0217000000000005,0.5178029999999999,-0.0,1576595815240426063
-0.0,-2.7750060000000007,-0.4958,0.47435099999999997,-0.0,1576595815250411033
-0.0,-4.353258,-1.7085000000000001,0.32951099999999994,-0.0,1576595815260436058
-0.0,-2.100852,-2.5393,0.5902229999999999,-0.0,1576595815270365953
-0.0,-6.020352,-0.7805500000000001,0.43814099999999995,-0.0,1576595815280421972
-0.0,-2.27331,-2.40195,0.282438,-0.0,1576595815290388107
-0.0,-6.971484000000001,-2.8877,0.445383,-0.0,1576595815300379991
-0.0,-3.78885,-0.33835,0.608328,-0.0,1576595815310379981
-0.0,-3.982212,-1.96645,0.45624599999999993,-0.0,1576595815320394039
-0.0,-3.9613080000000003,-2.9078,0.3114059999999999,-0.0,1576595815330410957
-0.0,-3.2244420000000003,-0.7872499999999999,0.47797199999999995,-0.0,1576595815340379953
-0.0,-7.164846000000001,-2.51585,0.11225099999999999,-0.0,1576595815350368022
-0.0,-1.1340420000000002,-2.1909000000000005,0.38744699999999993,-0.0,1576595815360435962
-0.0,-2.623452,-1.7152000000000003,0.43814099999999995,-0.0,1576595815370404958
-0.0,-4.922892,-0.46565000000000006,0.39468899999999996,-0.0,1576595815380400896
-0.0,-5.8635720000000005,0.4589500000000001,0.554013,-0.0,1576595815390398979
-0.0,-0.33969000000000005,-2.6733000000000002,0.40555199999999997,-0.0,1576595815400440931
-0.0,-5.732922,-1.206,0.141219,-0.0,1576595815410438060
-0.0,-4.457778,-1.1758499999999998,0.61557,-0.0,1576595815420380115
-0.0,-0.5173740000000001,-2.4991,0.575739,-0.0,1576595815430358886
-0.0,-4.4421,-1.7889000000000002,0.423657,-0.0,1576595815440444946
-0.0,-5.084898000000001,-1.7654500000000002,0.38382599999999995,-0.0,1576595815450428009
-0.0,-2.7227460000000003,-1.9396499999999999,0.546771,-0.0,1576595815460402011
-0.0,-4.243512000000001,-1.37015,0.286059,-0.0,1576595815470419883
-0.0,-1.2437880000000001,-1.30315,0.34037399999999995,-0.0,1576595815480460882
-0.0,-6.4488840000000005,-2.58285,0.29692199999999996,-0.0,1576595815490422964
-0.0,-6.637020000000001,-0.0402,0.246228,-0.0,1576595815500431060
-0.0,-1.181076,-2.5527,0.304164,-0.0,1576595815510410070
-0.0,-5.058768000000001,-2.66325,0.57936,-0.0,1576595815520411014
-0.0,-6.7310880000000015,-2.06025,0.5214239999999999,-0.0,1576595815530417919
-0.0,-3.5641320000000007,-1.7855500000000002,0.48159299999999994,-0.0,1576595815540397882
-0.0,-6.678828000000001,-1.69175,0.5395289999999999,-0.0,1576595815550414085
-0.0,-5.199870000000001,-0.9849,0.38382599999999995,-0.0,1576595815560456037
-0.0,-0.6689280000000001,-2.7068,0.235365,-0.0,1576595815570398092
-0.0,-2.6757120000000003,-1.7152000000000003,0.18105,-0.0,1576595815580377101
-0.0,-5.309616000000001,-1.8056500000000002,0.249849,-0.0,1576595815590368032
-0.0,-3.621618,-2.18755,0.293301,-0.0,1576595815600415945
-0.0,-3.4387080000000005,-0.7972999999999999,0.358479,-0.0,1576595815610431909
-0.0,-4.6720440000000005,-1.59795,0.5214239999999999,-0.0,1576595815620428085
-0.0,-1.614834,-2.1507,0.36572099999999996,-0.0,1576595815630400896
-0.0,0.146328,-0.9514,0.21725999999999998,-0.0,1576595815640423059
-0.0,-4.980378000000001,-2.08035,0.376584,-0.0,1576595815650412082
-0.0,-5.623176000000001,-1.7353,0.12673500000000001,-0.0,1576595815660408973
-0.0,0.8518380000000001,-0.7403500000000001,0.48159299999999994,-0.0,1576595815670394897
-0.0,-2.163564,-0.1005,0.550392,-0.0,1576595815680417060
-0.0,-6.103968,-2.1842,0.28968,-0.0,1576595815690423011
-0.0,-2.362152,-0.39864999999999995,0.343995,-0.0,1576595815700407028
-0.0,0.193362,-1.91955,0.30054299999999995,-0.0,1576595815710396051
-0.0,-4.609332000000001,-2.00665,0.666264,-0.0,1576595815720441102
-0.0,-4.2853200000000005,-1.1758499999999998,0.6228119999999998,-0.0,1576595815730421066
-0.0,-1.0399740000000002,-1.0954500000000003,0.47073,-0.0,1576595815740386962
-0.0,-3.2662500000000003,-1.41705,0.21725999999999998,-0.0,1576595815750415086
-0.0,-0.5226000000000001,-2.0703,0.38020499999999996,-0.0,1576595815760431051
-0.0,-1.2437880000000001,-0.68005,0.343995,-0.0,1576595815770435094
-0.0,-5.785182000000001,-2.1842,0.083283,-0.0,1576595815780396938
-0.0,-3.020628,-1.0854,0.23898599999999998,-0.0,1576595815790396928
-0.0,0.266526,-1.3567500000000001,0.29692199999999996,-0.0,1576595815800441980
-0.0,-5.523882,-1.8659500000000002,0.666264,-0.0,1576595815810398101
-0.0,-4.306224,-2.3383,0.30054299999999995,-0.0,1576595815820444107
-0.0,-1.4266980000000005,-1.6280999999999999,0.358479,-0.0,1576595815830390930
-0.0,-5.288712000000001,-1.27635,0.11225099999999999,-0.0,1576595815840426921
-0.0,-0.820482,-0.8810500000000001,0.26795399999999997,-0.0,1576595815850442886
-0.0,-5.5500120000000015,-2.3014500000000004,0.6409169999999998,-0.0,1576595815860394001
-0.0,-6.302556,-1.28305,0.5902229999999999,-0.0,1576595815870357990
-0.0,-2.503254,-0.32830000000000004,0.22812299999999996,-0.0,1576595815880445957
-0.0,-3.4805160000000006,-1.5510500000000003,-0.6336749999999999,-0.0,1576595815890396118
-0.0,-3.020628,-0.7470500000000001,0.333132,-0.0,1576595815900413036
-0.0,-3.5118720000000003,0.59965,0.7567889999999999,-0.0,1576595815910398006
-0.0,-3.663426,-1.6113499999999998,1.108026,-0.0,1576595815920444965
-0.0,-2.1165300000000005,0.59965,0.6626429999999999,-0.0,1576595815930422067
-0.0,2.01201,-0.026800000000000004,0.304164,-0.0,1576595815940398931
-0.0,1.2908220000000001,0.3015,-0.572118,-0.0,1576595815950412988
-0.0,1.2333360000000002,0.32830000000000004,-0.7386839999999999,-0.0,1576595815960422039
-0.0,-0.07839,-0.01005,0.28968,-0.0,1576595815970400094
-0.0,-1.3326300000000002,-0.03685,0.572118,-0.0,1576595815980390071
-0.0,-0.7002840000000001,-0.38525000000000004,-0.123114,-0.0,1576595815990391969
-0.0,-0.8570640000000002,-0.2948,-0.702474,-0.0,1576595816000403881
-0.0,-0.752544,1.3366500000000001,-0.347616,-0.0,1576595816010426998
-0.0,-2.158338,-0.21775,0.45986699999999997,-0.0,1576595816020404100
-0.0,-1.4162460000000001,1.4472,0.27157499999999996,-0.0,1576595816030416011
-0.0,2.048592,-0.6465500000000001,-0.6445379999999999,-0.0,1576595816040452003
-0.0,3.0833399999999997,1.73865,-0.8002409999999999,-0.0,1576595816050405025
-0.0,5.372328000000001,2.0100000000000002,-0.343995,-0.0,1576595816060412883
-0.0,0.820482,2.5125,-0.19553399999999999,-0.0,1576595816070425033
-0.0,5.440266,1.03515,0.050693999999999996,-0.0,1576595816080481052
-0.0,-1.4162460000000001,1.06195,-0.09776699999999999,-0.0,1576595816090373039
-0.0,3.5745840000000006,1.3065,-0.3621,-0.0,1576595816100378036
-0.0,6.443658000000001,2.22105,-0.20639699999999997,-0.0,1576595816110394954
-0.0,-2.7279720000000003,0.46230000000000004,-0.47073,-0.0,1576595816120456933
-0.0,6.840834000000001,2.18755,-0.22088099999999997,-0.0,1576595816130398988
-0.0,-0.6114420000000002,0.45225000000000004,-0.48521400000000003,-0.0,1576595816140404939
-0.0,4.734756000000001,1.9396499999999999,-0.5395289999999999,-0.0,1576595816150392055
-0.0,-1.2072060000000002,0.5795499999999999,-0.18467099999999997,-0.0,1576595816160475015
-0.0,4.091958000000001,1.8592500000000003,-0.028967999999999997,-0.0,1576595816170368909
-0.0,2.163564,0.5226000000000001,0.014483999999999999,-0.0,1576595816180377960
-0.0,3.5693580000000007,1.0988,-0.351237,-0.0,1576595816190371990
-0.0,0.8779680000000001,2.1038,-0.40917299999999995,-0.0,1576595816200438022
-0.0,-1.5991560000000002,-0.07705,-0.3621,-0.0,1576595816210414886
-0.0,5.6545320000000014,2.0167,-0.10138799999999999,-0.0,1576595816220406055
-0.0,-0.08361600000000001,2.0167,-0.264333,-0.0,1576595816230336904
-0.0,4.097184,0.29814999999999997,-0.21725999999999998,-0.0,1576595816240468025
-0.0,6.130098,1.5410000000000001,-0.27157499999999996,-0.0,1576595816250437974
-0.0,2.29944,2.4522000000000004,-0.22812299999999996,-0.0,1576595816260401010
-0.0,4.452552000000001,2.0636,-0.38744699999999993,-0.0,1576595816270400047
-0.0,4.191252,1.97315,-0.554013,-0.0,1576595816280504941
-0.0,3.4282560000000006,2.2143500000000005,-0.39468899999999996,-0.0,1576595816290437936
-0.0,1.9022640000000002,1.21605,-0.347616,-0.0,1576595816300412893
-0.0,4.003116,1.3467000000000002,-0.39830999999999994,-0.0,1576595816310415983
-0.0,1.4632800000000004,0.7303000000000001,-0.03983099999999999,-0.0,1576595816320414066
-0.0,2.963142,2.2914000000000003,-0.20639699999999997,-0.0,1576595816330425977
-0.0,-1.8029700000000002,2.34835,-0.358479,-0.0,1576595816340419054
-0.0,5.90538,0.6566000000000001,-0.105009,-0.0,1576595816350349903
-0.0,3.8620140000000003,0.3819,-0.372963,-0.0,1576595816360409021
-0.0,3.1146960000000004,2.35505,-0.31864799999999993,-0.0,1576595816370398998
-0.0,3.0833399999999997,1.2629500000000002,-0.275196,-0.0,1576595816380377054
-0.0,4.7295300000000005,0.88775,-0.43451999999999996,-0.0,1576595816390409946
-0.0,3.2244420000000003,1.8693000000000002,-0.173808,-0.0,1576595816400420904
-0.0,2.48235,2.7101500000000005,-0.43451999999999996,-0.0,1576595816410399913
-0.0,2.45622,1.7085000000000001,-0.18105,-0.0,1576595816420423030
-0.0,0.18291000000000004,-0.37855000000000005,-0.24260700000000002,-0.0,1576595816430413007
-0.0,4.828824000000001,1.9296,-0.19191299999999997,-0.0,1576595816440443992
-0.0,0.3658200000000001,0.9413500000000001,-0.14484,-0.0,1576595816450428962
-0.0,4.091958000000001,0.29814999999999997,-0.19553399999999999,-0.0,1576595816460397005
-0.0,-0.7055100000000001,1.08875,-0.25709099999999996,-0.0,1576595816470422029
-0.0,2.262858,0.8240999999999999,-0.41279399999999994,-0.0,1576595816480441093
-0.0,0.747318,0.58625,-0.36572099999999996,-0.0,1576595816490386962
-0.0,2.518932,1.4673,-0.427278,-0.0,1576595816500358104
-0.0,1.525992,1.8693000000000002,-0.16294499999999998,-0.0,1576595816510400056
-0.0,3.84111,1.2127,-0.5359079999999999,-0.0,1576595816520447969
-0.0,1.421472,2.0100000000000002,-0.286059,-0.0,1576595816530404090
-0.0,-0.10452000000000002,0.9916,-0.347616,-0.0,1576595816540386915
-0.0,2.1113040000000005,0.067,-0.39830999999999994,-0.0,1576595816550370931
-0.0,0.590538,1.6147,-0.047073,-0.0,1576595816560430049
-0.0,3.9613080000000003,0.97485,-0.094146,-0.0,1576595816570415973
-0.0,2.968368,0.33165000000000006,-0.25347000000000003,-0.0,1576595816580415010
-0.0,-0.34491600000000006,1.7487000000000001,-0.3114059999999999,-0.0,1576595816590380907
-0.0,3.8620140000000003,1.42375,-0.173808,-0.0,1576595816600423097
-0.0,5.962866000000001,0.9916,-0.11949299999999999,-0.0,1576595816610420942
-0.0,-1.22811,2.5929,-0.278817,-0.0,1576595816620413064
-0.0,6.1562280000000005,0.8240999999999999,0.07242,-0.0,1576595816630379915
-0.0,2.6286780000000003,-0.12395,0.018105,-0.0,1576595816640425920
-0.0,-2.163564,1.7989500000000003,-0.246228,-0.0,1576595816650408983
-0.0,4.510038000000001,1.1859,-0.401931,-0.0,1576595816660356044
-0.0,-1.269918,0.15075,-0.46348799999999996,-0.0,1576595816670399904
-0.0,2.6077740000000005,1.206,-0.307785,-0.0,1576595816680449008
-0.0,2.8899780000000006,1.8190500000000003,-0.372963,-0.0,1576595816690426111
-0.0,3.0049500000000005,1.5945999999999998,-0.430899,-0.0,1576595816700393915
-0.0,4.792242000000001,0.9279500000000002,0.03983099999999999,-0.0,1576595816710418939
-0.0,-1.98588,-0.36515000000000003,-0.333132,-0.0,1576595816720376014
-0.0,-1.2908220000000001,1.1959499999999998,-0.18105,-0.0,1576595816730420112
-0.0,6.407076,1.8458500000000002,-0.03983099999999999,-0.0,1576595816740422010
-0.0,-0.538278,0.13735,-0.086904,-0.0,1576595816750391006
-0.0,3.6059400000000004,0.8576000000000001,-0.25709099999999996,-0.0,1576595816760412931
-0.0,1.4476020000000003,1.99995,-0.19553399999999999,-0.0,1576595816770423889
-0.0,2.132208,-0.48910000000000003,-0.15932399999999997,-0.0,1576595816780395030
-0.0,5.111028000000001,0.9782000000000001,-0.105009,-0.0,1576595816790406942
-0.0,2.174016,1.4539,-0.27157499999999996,-0.0,1576595816800417900
-0.0,2.613,-0.2412,-0.021726,-0.0,1576595816810420989
-0.0,3.328962,0.94805,0.123114,-0.0,1576595816820450067
-0.0,3.720912,0.6398500000000001,-0.24260700000000002,-0.0,1576595816830389976
-0.0,3.2976060000000005,1.1256000000000002,-0.188292,-0.0,1576595816840477943
-0.0,3.5014200000000004,0.41540000000000005,-0.249849,-0.0,1576595816850428104
-0.0,-2.8586220000000004,0.5494,0.10862999999999999,-0.0,1576595816860438108
-0.0,-2.100852,1.9564000000000001,0.22812299999999996,-0.0,1576595816870414972
-0.0,-1.3639860000000001,0.18425000000000002,-0.14484,-0.0,1576595816880455970
-0.0,-2.973594,1.8693000000000002,-1.0211219999999999,-0.0,1576595816890429019
-0.0,0.031356,1.8391500000000003,-0.568497,-0.0,1576595816900439977
-0.0,0.459888,0.21105000000000002,0.10138799999999999,-0.0,1576595816910420894
-0.0,-1.0608780000000002,-1.39695,0.803862,-0.0,1576595816920480966
-0.0,-0.057486,1.07535,0.557634,-0.0,1576595816930458068
-0.0,-0.7786740000000001,1.1925999999999999,0.564876,-0.0,1576595816940435886
-0.0,-0.773448,1.22945,-0.333132,-0.0,1576595816950428009
-0.0,-0.08361600000000001,0.7872499999999999,-0.6807479999999999,-0.0,1576595816960469007
-0.0,-0.041808000000000005,-0.7169,0.19191299999999997,-0.0,1576595816970431089
-0.0,-0.8675160000000001,-0.7972999999999999,0.9269759999999999,-0.0,1576595816980396032
-0.0,-1.0399740000000002,-0.0335,0.14846099999999998,-0.0,1576595816990390062
-0.0,-0.282204,-0.04355,-0.9487019999999999,-0.0,1576595817000451087
-0.0,-0.292656,-1.12225,-0.17018699999999998,-0.0,1576595817010416030
-0.0,-0.33969000000000005,-1.608,0.7676519999999999,-0.0,1576595817020401000
-0.0,-0.40240200000000004,-2.08035,0.20639699999999997,-0.0,1576595817030396938
-0.0,-0.412854,-2.70345,-0.358479,-0.0,1576595817040453910
-0.0,-0.42330600000000007,-2.3215500000000002,0.086904,-0.0,1576595817050446033
-0.0,-0.381498,-1.44385,0.716958,-0.0,1576595817060409069
-0.0,-0.39195,-2.0033,0.8762819999999999,-0.0,1576595817070401906
-0.0,-0.24039600000000003,-2.9547000000000003,0.210018,-0.0,1576595817080454111
-0.0,-0.141102,-1.2261000000000002,0.376584,-0.0,1576595817090437889
-0.0,-1.6775460000000002,-1.9296,0.333132,-0.0,1576595817100431919
-0.0,-0.24039600000000003,-2.18755,0.604707,-0.0,1576595817110434055
-0.0,2.6861640000000007,-2.2478500000000006,0.564876,-0.0,1576595817120498895
-0.0,-0.9981660000000001,-2.345,0.420036,-0.0,1576595817130465984
-0.0,2.7070680000000005,-2.3349499999999996,0.26795399999999997,-0.0,1576595817140443086
-0.0,-0.935454,-1.67165,0.123114,-0.0,1576595817150419950
-0.0,4.2487379999999995,-0.7738500000000001,0.19915499999999997,-0.0,1576595817160482883
-0.0,-0.925002,-2.7336,0.47797199999999995,-0.0,1576595817170424938
-0.0,4.33758,-0.5159,0.749547,-0.0,1576595817180414915
-0.0,-3.0781140000000002,-1.44385,0.38020499999999996,-0.0,1576595817190440893
-0.0,1.6566420000000002,-2.1105,0.235365,-0.0,1576595817200504064
-0.0,3.250572,-1.0251,0.423657,-0.0,1576595817210438013
-0.0,1.1392680000000002,-0.0033500000000000005,0.8943869999999999,-0.0,1576595817220422983
-0.0,1.7193540000000003,-2.3986,0.745926,-0.0,1576595817230458021
-0.0,4.280094,-1.6280999999999999,0.6010859999999999,-0.0,1576595817240458011
-0.0,1.0922340000000001,-0.60635,0.358479,-0.0,1576595817250448942
-0.0,3.3498660000000005,-1.4606000000000001,-0.0,-0.0,1576595817260425090
-0.0,-5.738148000000001,-0.3551,-0.32588999999999996,-0.0,1576595817272974014
-0.0,4.33758,-0.3919500000000001,0.40555199999999997,-0.0,1576595817280419111
-0.0,-3.18786,-2.8977500000000003,0.8690399999999999,-0.0,1576595817290433883
-0.0,2.957916,-1.1189,0.105009,-0.0,1576595817300411939
-0.0,2.968368,-0.99495,-0.047073,-0.0,1576595817310427904
-0.0,4.400292,-2.42875,0.31864799999999993,-0.0,1576595817320413112
-0.0,3.0833399999999997,-1.9396499999999999,1.0971629999999999,-0.0,1576595817330449104
-0.0,5.372328000000001,-1.5812,0.8509349999999999,-0.0,1576595817340400934
-0.0,2.341248,-0.6633000000000001,0.492456,-0.0,1576595817350398063
-0.0,6.151002000000001,-0.58625,0.14846099999999998,-0.0,1576595817360441923
-0.0,4.682496,-2.3316,-0.25709099999999996,-0.0,1576595817370409011
-0.0,0.94068,-2.00665,0.46348799999999996,-0.0,1576595817380393028
-0.0,4.881084,-1.3534,0.604707,-0.0,1576595817390422105
-0.0,1.12359,-1.13565,0.554013,-0.0,1576595817400412082
-0.0,4.9647,-2.1507,-0.36934199999999995,-0.0,1576595817410398006
-0.0,0.459888,-1.6984500000000002,-0.188292,-0.0,1576595817420418024
-0.0,3.4491600000000004,-1.8391500000000003,0.043452,-0.0,1576595817430414915
-0.0,-0.99294,-3.0418000000000003,0.716958,-0.0,1576595817440421104
-0.0,5.335745999999999,-1.61805,0.7640309999999999,-0.0,1576595817450411081
-0.0,4.860180000000001,-1.7654500000000002,0.213639,-0.0,1576595817460419893
-0.0,-2.963142,-1.12225,-0.177429,-0.0,1576595817470434904
-0.0,6.009900000000001,-1.63815,0.999396,-0.0,1576595817480458974
-0.0,0.9563580000000002,-0.9782000000000001,0.745926,-0.0,1576595817490418910
-0.0,4.076280000000001,-0.8643000000000001,0.39830999999999994,-0.0,1576595817500395059
-0.0,3.5798100000000006,-2.3215500000000002,-0.14846099999999998,-0.0,1576595817510415077
-0.0,2.3046660000000005,-2.345,-0.17018699999999998,-0.0,1576595817520440101
-0.0,-0.65325,-2.10045,0.44900399999999996,-0.0,1576595817530397891
-0.0,5.936736,-1.4740000000000002,0.745926,-0.0,1576595817540424108
-0.0,3.140826,-1.9798499999999999,0.18467099999999997,-0.0,1576595817550396919
-0.0,-3.1199220000000003,-2.0267500000000003,0.0036209999999999997,-0.0,1576595817560431957
-0.0,5.790408000000001,-0.69345,0.26795399999999997,-0.0,1576595817570429086
-0.0,1.51554,-2.6599000000000004,0.213639,-0.0,1576595817580389976
-0.0,4.186026000000001,-1.63815,0.19915499999999997,-0.0,1576595817590404033
-0.0,1.2072060000000002,-1.675,0.177429,-0.0,1576595817600435018
-0.0,3.433482,-1.29645,-0.0036209999999999997,-0.0,1576595817610404014
-0.0,-1.003392,-2.7101500000000005,-0.10138799999999999,-0.0,1576595817620398998
-0.0,5.340972000000001,-2.61635,0.264333,-0.0,1576595817630410909
-0.0,5.534334,-1.4002999999999999,-0.286059,-0.0,1576595817640414953
-0.0,-3.679104,-0.7839000000000002,-0.246228,-0.0,1576595817650386095
-0.0,6.0046740000000005,-1.2730000000000001,0.488835,-0.0,1576595817660361051
-0.0,2.3203440000000004,-1.7353,0.47073,-0.0,1576595817670361042
-0.0,5.346198,0.16415000000000002,0.561255,-0.0,1576595817680444955
-0.0,2.963142,-2.345,-0.11587199999999999,-0.0,1576595817690418004
-0.0,2.7279720000000003,-1.3098500000000002,-0.152082,-0.0,1576595817700397968
-0.0,3.072888,-1.7487000000000001,0.568497,-0.0,1576595817710392951
-0.0,4.358484,-0.8207500000000001,0.427278,-0.0,1576595817720406055
-0.0,2.963142,-1.7219,0.13397699999999998,-0.0,1576595817730367898
-0.0,2.6339040000000007,-0.5962999999999999,-0.44900399999999996,-0.0,1576595817740376949
-0.0,3.2767020000000002,-0.80735,-0.39468899999999996,-0.0,1576595817750411033
-0.0,-0.282204,-2.0033,-0.054314999999999995,-0.0,1576595817760447978
-0.0,-0.135876,-1.7286000000000001,0.47797199999999995,-0.0,1576595817770433902
-0.0,1.076556,-1.1122,0.23898599999999998,-0.0,1576595817780385017
-0.0,-0.5226000000000001,-1.608,-0.5431499999999999,-0.0,1576595817790368080
-0.0,1.087008,-0.21775,-0.40917299999999995,-0.0,1576595817800410985
-0.0,2.7175200000000004,-1.47065,-0.15570299999999995,-0.0,1576595817810393095
-0.0,-3.1983120000000005,-1.8190500000000003,0.44176199999999993,-0.0,1576595817820379018
-0.0,-2.100852,-0.10385000000000001,-0.293301,-0.0,1576595817830389976
-0.0,-1.3378560000000002,-2.0435000000000003,-0.561255,-0.0,1576595817840466976
-0.0,-2.200146,-0.5795499999999999,-0.41641500000000004,-0.0,1576595817850415945
-0.0,-0.710736,-2.1842,-0.16294499999999998,-0.0,1576595817860445022
-0.0,3.7104600000000003,-1.0921,0.3114059999999999,-0.0,1576595817870433092
-0.0,-0.8622900000000001,-1.1256000000000002,0.10138799999999999,-0.0,1576595817880460977
-0.0,-0.6062160000000001,-2.1507,-0.47073,-0.0,1576595817890362977
-0.0,0.18291000000000004,-0.3819,-0.21725999999999998,-0.0,1576595817900383949
-0.0,-1.275144,-0.9246000000000001,0.40555199999999997,-0.0,1576595817910358905
-0.0,-1.0452000000000001,-1.71185,0.3621,-0.0,1576595817920402050
-0.0,-0.9563580000000002,-2.5192,0.6626429999999999,-0.0,1576595817930383920
-0.0,-0.146328,0.8240999999999999,-0.021726,-0.0,1576595817940362930
-0.0,-0.09929400000000001,-1.59125,-0.278817,-0.0,1576595817950444936
-0.0,-0.15678,-1.23615,0.32588999999999996,-0.0,1576595817960448980
-0.0,-0.162006,0.05695000000000001,0.430899,-0.0,1576595817970443964
-0.0,-0.229944,-0.25125000000000003,-0.0036209999999999997,-0.0,1576595817980371952
-0.0,0.538278,-0.28140000000000004,0.105009,-0.0,1576595817990406990
-0.0,-0.162006,-0.60635,0.11587199999999999,-0.0,1576595818000477075
-0.0,-0.28743,-0.5829,0.13035599999999997,-0.0,1576595818010430097
-0.0,-0.245622,1.00835,0.13035599999999997,-0.0,1576595818020426034
-0.0,-0.19858800000000001,0.45560000000000006,0.503319,-0.0,1576595818030400991
-0.0,-0.09929400000000001,2.1038,0.40555199999999997,-0.0,1576595818040437936
-0.0,0.05226000000000001,-0.7035,0.36572099999999996,-0.0,1576595818050400972
-0.0,-1.536444,2.10045,0.5141819999999999,-0.0,1576595818060372114
-0.0,-1.0347480000000002,0.7738500000000001,0.684369,-0.0,1576595818070399999
-0.0,-0.747318,1.73865,0.5359079999999999,-0.0,1576595818080432891
-0.0,-1.499862,0.804,0.293301,-0.0,1576595818090399026
-0.0,-1.4057940000000002,1.0921,0.546771,-0.0,1576595818100367069
-0.0,-1.4005680000000003,1.7085000000000001,0.604707,-0.0,1576595818110394954
-0.0,-2.147886,-0.0603,0.561255,-0.0,1576595818120455980
-0.0,0.09929400000000001,1.2864,0.45262499999999994,-0.0,1576595818130423069
-0.0,3.4961940000000005,1.3098500000000002,0.6228119999999998,-0.0,1576595818140413045
-0.0,3.5223240000000002,0.14070000000000002,0.25709099999999996,-0.0,1576595818150403976
-0.0,0.13065000000000002,1.24955,-0.043452,-0.0,1576595818160419940
-0.0,4.253964,1.5108500000000002,0.702474,-0.0,1576595818170393943
-0.0,-6.020352,1.47065,0.6554009999999999,-0.0,1576595818180367946
-0.0,5.372328000000001,1.5108500000000002,0.30054299999999995,-0.0,1576595818190380096
-0.0,0.5173740000000001,1.30315,-0.123114,-0.0,1576595818200449943
-0.0,4.996056,0.65325,0.6228119999999998,-0.0,1576595818210390090
-0.0,2.0799480000000004,2.26125,0.7676519999999999,-0.0,1576595818220383882
-0.0,-0.5173740000000001,0.8743500000000001,0.213639,-0.0,1576595818230365991
-0.0,5.800860000000001,1.0251,-0.10862999999999999,-0.0,1576595818240412950
-0.0,-1.7141280000000003,0.68005,0.420036,-0.0,1576595818250412940
-0.0,5.283486,0.2747,0.8943869999999999,-0.0,1576595818260427951
-0.0,5.46117,1.3467000000000002,0.8509349999999999,-0.0,1576595818270399093
-0.0,2.6443560000000006,1.40365,0.39830999999999994,-0.0,1576595818280463933
-0.0,3.7574940000000003,1.1457000000000002,-0.17018699999999998,-0.0,1576595818290416955
-0.0,2.461446,2.1373,0.5431499999999999,-0.0,1576595818300429105
-0.0,3.9769860000000006,1.3299500000000002,1.006638,-0.0,1576595818310383081
-0.0,0.43898400000000004,1.37685,0.7567889999999999,-0.0,1576595818320410966
-0.0,4.191252,1.5142000000000002,0.40555199999999997,-0.0,1576595818330406904
-0.0,-0.3605940000000001,1.28305,0.30054299999999995,-0.0,1576595818340388059
-0.0,4.290546,1.52425,-0.068799,-0.0,1576595818350388050
-0.0,3.2453460000000005,1.0653000000000001,0.057935999999999994,-0.0,1576595818360419034
-0.0,2.4196380000000004,1.1859,-0.057935999999999994,-0.0,1576595818370366096
-0.0,2.40396,1.2462,0.36572099999999996,-0.0,1576595818380361080
-0.0,1.3326300000000002,1.9095,0.5974649999999999,-0.0,1576595818390410900
-0.0,1.1079120000000002,1.0921,0.137598,-0.0,1576595818400412082
-0.0,-0.4285320000000001,1.89275,-0.23898599999999998,-0.0,1576595818410424947
-0.0,3.7940760000000004,0.8643000000000001,0.31864799999999993,-0.0,1576595818420376062
-0.0,2.174016,0.22780000000000003,0.7966199999999999,-0.0,1576595818430372953
-0.0,2.1165300000000005,2.1775,0.6445379999999999,-0.0,1576595818440439939
-0.0,3.10947,1.1758499999999998,0.286059,-0.0,1576595818450400114
-0.0,6.192810000000001,0.8944500000000001,0.12673500000000001,-0.0,1576595818460391998
-0.0,2.19492,1.02845,0.684369,-0.0,1576595818470371007
-0.0,1.3639860000000001,2.18755,0.8509349999999999,-0.0,1576595818480426073
-0.0,4.353258,0.79395,0.5974649999999999,-0.0,1576595818490361928
-0.0,2.2889880000000002,0.536,-0.210018,-0.0,1576595818500374078
-0.0,2.27331,1.05525,-0.33675299999999997,-0.0,1576595818510391950
-0.0,0.736866,0.39864999999999995,0.5974649999999999,-0.0,1576595818520421981
-0.0,1.4580540000000004,1.5744999999999998,0.8980079999999999,-0.0,1576595818530380964
-0.0,-0.8309340000000002,0.9246000000000001,-0.15570299999999995,-0.0,1576595818540385007
-0.0,3.830658,1.99995,-0.604707,-0.0,1576595818550369977
-0.0,0.114972,0.40535,-0.03983099999999999,-0.0,1576595818560430049
-0.0,0.7891260000000001,0.88775,0.6300539999999999,-0.0,1576595818570452928
-0.0,5.523882,1.3132000000000001,0.706095,-0.0,1576595818580400943
-0.0,2.6966160000000006,-0.09715,-0.15570299999999995,-0.0,1576595818590383052
-0.0,3.2453460000000005,0.7805500000000001,-0.561255,-0.0,1576595818600491046
-0.0,0.188136,0.1206,0.094146,-0.0,1576595818610450029
-0.0,5.649306,0.6365000000000001,0.684369,-0.0,1576595818620414018
-0.0,1.8552300000000002,1.8090000000000002,0.14846099999999998,-0.0,1576595818630419015
-0.0,3.4857420000000006,1.18255,-0.488835,-0.0,1576595818640431880
-0.0,2.545062,0.8978,-0.23174399999999998,-0.0,1576595818650398969
-0.0,1.9440720000000002,0.6499,0.021726,-0.0,1576595818660375118
-0.0,-1.2646920000000001,0.7604500000000001,0.554013,-0.0,1576595818670408010
-0.0,5.100576,-0.26130000000000003,0.20639699999999997,-0.0,1576595818680438041
-0.0,2.6286780000000003,1.4002999999999999,-0.5938439999999999,-0.0,1576595818690366029
-0.0,-0.43898400000000004,-0.026800000000000004,-0.445383,-0.0,1576595818700366020
-0.0,-0.62712,-0.48574999999999996,0.11225099999999999,-0.0,1576595818710367918
-0.0,4.959474000000001,0.5829,-0.057935999999999994,-0.0,1576595818720426082
-0.0,5.12148,0.8308000000000001,-0.32226899999999997,-0.0,1576595818730381965
-0.0,1.102686,0.33835,-0.8980079999999999,-0.0,1576595818740381956
-0.0,3.381222,0.8442000000000001,-0.546771,-0.0,1576595818750406026
-0.0,3.4909680000000005,0.06365,-0.29692199999999996,-0.0,1576595818760402917
-0.0,0.5069220000000001,1.4639499999999999,-0.16294499999999998,-0.0,1576595818770433902
-0.0,2.524158,1.2261000000000002,-0.32588999999999996,-0.0,1576595818780366897
-0.0,3.151278,-0.9581,-0.8111039999999999,-0.0,1576595818790352106
-0.0,-1.59393,-0.7671500000000001,-0.6626429999999999,-0.0,1576595818800371885
-0.0,-1.813422,0.8207500000000001,-0.5214239999999999,-0.0,1576595818810436964
-0.0,3.5798100000000006,1.0988,0.028967999999999997,-0.0,1576595818820386886
-0.0,-0.5069220000000001,0.28475,-0.24260700000000002,-0.0,1576595818830391883
-0.0,0.9668100000000001,0.43885,-0.40555199999999997,-0.0,1576595818840428113
-0.0,2.2158240000000005,1.1758499999999998,-0.36934199999999995,-0.0,1576595818850411891
-0.0,-5.800860000000001,-0.5326500000000001,-0.11225099999999999,-0.0,1576595818860367059
-0.0,5.273034,0.9313000000000001,0.46348799999999996,-0.0,1576595818870395898
-0.0,-2.0224620000000004,-0.1541,-0.496077,-0.0,1576595818880422115
-0.0,3.4439340000000005,-0.134,-0.546771,-0.0,1576595818890439033
-0.0,-3.3341880000000006,0.7839000000000002,-0.5069400000000001,-0.0,1576595818900439977
-0.0,3.8620140000000003,0.7772,-0.36934199999999995,-0.0,1576595818910420894
-0.0,-0.648024,0.7671500000000001,-0.5359079999999999,-0.0,1576595818920420885
-0.0,0.81003,0.5226000000000001,-0.38744699999999993,-0.0,1576595818930363893
-0.0,0.39195,1.4539,-0.45262499999999994,-0.0,1576595818940402984
-0.0,4.243512000000001,-0.201,-0.6264329999999999,-0.0,1576595818950408935
-0.0,-2.0433660000000002,0.7236,-0.582981,-0.0,1576595818960417985
-0.0,-2.9370120000000006,-1.9497,-0.5395289999999999,-0.0,1576595818970415115
-0.0,-2.210598,-0.41875,-0.40555199999999997,-0.0,1576595818980396032
-0.0,-1.494636,-0.37855000000000005,-0.43814099999999995,-0.0,1576595818990408897
-0.0,-0.09929400000000001,-0.3819,-0.702474,-0.0,1576595819000427961
-0.0,-1.0190700000000001,-0.43215000000000003,-0.25709099999999996,-0.0,1576595819010405063
-0.0,-4.734756000000001,-2.0167,-0.07966199999999998,-0.0,1576595819020432949
-0.0,-6.213714,-2.45555,-0.3114059999999999,-0.0,1576595819030390024
-0.0,-7.990554,-3.64815,-0.188292,-0.0,1576595819040384054
-0.0,-1.2124320000000002,-2.3316,0.27157499999999996,-0.0,1576595819050367116
-0.0,-10.493808,-2.144,-0.010863,-0.0,1576595819060396909
-0.0,-4.562298000000001,-3.48065,-0.39106799999999997,-0.0,1576595819070372104
-0.0,-8.466120000000002,-2.8743,0.23898599999999998,-0.0,1576595819080447912
-0.0,-9.736038,-3.0552,0.38744699999999993,-0.0,1576595819090399980
-0.0,-5.874024000000001,-3.28635,0.32951099999999994,-0.0,1576595819100405931
-0.0,-8.377278,-1.9228999999999998,0.083283,-0.0,1576595819110418081
-0.0,-6.997614000000001,-1.7085000000000001,0.286059,-0.0,1576595819120455026
-0.0,-8.722194000000002,-3.8927,0.6626429999999999,-0.0,1576595819130409002
-0.0,-6.589986,-3.52085,0.604707,-0.0,1576595819140410900
-0.0,-3.6059400000000004,-1.4941000000000002,0.354858,-0.0,1576595819150386095
-0.0,-5.978544,-2.95135,-0.0036209999999999997,-0.0,1576595819160412073
-0.0,-6.192810000000001,-3.2897000000000003,-0.14846099999999998,-0.0,1576595819170416116
-0.0,-6.276426000000001,-2.68,-0.23174399999999998,-0.0,1576595819180360078
-0.0,-7.258914000000001,-3.12555,0.09776699999999999,-0.0,1576595819190339088
-0.0,-7.295496,-2.9413,1.2782129999999998,-0.0,1576595819200467109
-0.0,-5.879250000000001,-2.345,0.716958,-0.0,1576595819210419893
-0.0,-10.859628,-3.42035,0.354858,-0.0,1576595819220402956
-0.0,-6.130098,-1.1122,-0.0036209999999999997,-0.0,1576595819230393886
-0.0,-7.797192000000001,-2.6833500000000003,-0.043452,-0.0,1576595819240432024
-0.0,-4.80792,-2.6532000000000004,0.010863,-0.0,1576595819250422000
-0.0,-4.839276000000001,-2.7939,0.48521400000000003,-0.0,1576595819260418891
-0.0,-8.821488,-3.3634,0.430899,-0.0,1576595819270385026
-0.0,-4.353258,-1.1892500000000001,0.275196,-0.0,1576595819280425071
-0.0,-7.39479,-2.99825,0.11949299999999999,-0.0,1576595819290399074
-0.0,-4.604106000000001,-2.9212000000000002,0.068799,-0.0,1576595819300416946
-0.0,-6.861738000000001,-3.0887000000000002,0.11949299999999999,-0.0,1576595819310400009
-0.0,-4.604106000000001,-2.0703,0.177429,-0.0,1576595819320437908
-0.0,-7.755384000000001,-3.2628999999999997,0.445383,-0.0,1576595819330382108
-0.0,-4.797468,-1.5611000000000002,0.282438,-0.0,1576595819340377092
-0.0,-8.654256,-2.29475,0.23898599999999998,-0.0,1576595819350347042
-0.0,-7.112586,-2.3952500000000003,0.28968,-0.0,1576595819360429048
-0.0,-5.790408000000001,-0.68005,0.354858,-0.0,1576595819370381116
-0.0,-5.628402,-3.24615,0.293301,-0.0,1576595819380374908
-0.0,-3.5327760000000006,-2.7135000000000002,0.351237,-0.0,1576595819390340089
-0.0,-8.089848000000002,-2.8475,0.09776699999999999,-0.0,1576595819400474071
-0.0,-2.7645540000000004,-1.1524,0.15932399999999997,-0.0,1576595819410402059
-0.0,-8.199594000000001,-2.5728,0.31502699999999995,-0.0,1576595819420367956
-0.0,-5.184192,-2.66995,0.46348799999999996,-0.0,1576595819430402040
-0.0,-5.137158,-1.3299500000000002,0.41641500000000004,-0.0,1576595819440457105
-0.0,-4.3323540000000005,-2.613,0.47073,-0.0,1576595819450411081
-0.0,-4.525716,-1.8893999999999997,0.31864799999999993,-0.0,1576595819460407972
-0.0,-5.2312259999999995,-3.5108,0.278817,-0.0,1576595819470370054
-0.0,-6.1666799999999995,-3.61465,0.123114,-0.0,1576595819480444908
-0.0,-5.1632880000000005,-3.1825,0.173808,-0.0,1576595819490420103
-0.0,-2.9265600000000007,-2.46225,0.34037399999999995,-0.0,1576595819500399112
-0.0,-8.30934,-2.6197000000000004,0.18105,-0.0,1576595819510411977
-0.0,-2.973594,-3.4706,0.550392,-0.0,1576595819520478963
-0.0,-6.8930940000000005,-2.2512000000000003,0.39830999999999994,-0.0,1576595819530415058
-0.0,-5.40891,-1.8090000000000002,0.45262499999999994,-0.0,1576595819540396928
-0.0,-3.7993020000000004,-3.2294,0.61557,-0.0,1576595819550411939
-0.0,-9.072336000000002,-3.0753,0.358479,-0.0,1576595819560439109
-0.0,-4.698174,-1.65155,0.20277599999999998,-0.0,1576595819570389032
-0.0,-5.2207740000000005,-2.2579000000000002,0.15932399999999997,-0.0,1576595819580429077
-0.0,-2.989272,-2.4455,0.213639,-0.0,1576595819590361118
-0.0,-7.609056000000001,-0.41875,0.36572099999999996,-0.0,1576595819600414037
-0.0,-4.5779760000000005,-2.7738,0.430899,-0.0,1576595819610399961
-0.0,-2.137434,0.06365,0.17018699999999998,-0.0,1576595819620383977
-0.0,-3.773172,-1.07535,0.22450199999999998,-0.0,1576595819630384922
-0.0,-6.887868000000001,-1.08205,0.282438,-0.0,1576595819640445947
-0.0,-6.0046740000000005,-1.0921,0.23174399999999998,-0.0,1576595819650393962
-0.0,-2.1844680000000003,-1.4941000000000002,0.18105,-0.0,1576595819660420894
-0.0,-1.3848900000000002,-1.4874,0.235365,-0.0,1576595819670428991
-0.0,-2.8690740000000003,-1.0385,0.09776699999999999,-0.0,1576595819680447101
-0.0,-5.309616000000001,-1.37685,-0.057935999999999994,-0.0,1576595819690422058
-0.0,-1.269918,0.6097,0.105009,-0.0,1576595819700409889
-0.0,-5.241678,0.6231,-0.047073,-0.0,1576595819710386037
-0.0,-3.7104600000000003,0.7370000000000001,0.11587199999999999,-0.0,1576595819720455884
-0.0,-2.0904000000000003,1.34,0.376584,-0.0,1576595819730449914
-0.0,-4.368936000000001,-0.15745,0.123114,-0.0,1576595819740410089
-0.0,-6.76767,1.7822000000000002,0.076041,-0.0,1576595819750389099
-0.0,-6.746766,0.1943,0.03258899999999999,-0.0,1576595819760391950
-0.0,-3.679104,0.48910000000000003,0.083283,-0.0,1576595819770442008
-0.0,-7.436598000000002,1.6549,0.03983099999999999,-0.0,1576595819780416011
-0.0,-2.174016,-0.5962999999999999,0.20639699999999997,-0.0,1576595819790419101
-0.0,-7.363434000000001,0.6834,-0.057935999999999994,-0.0,1576595819800401926
-0.0,0.33969000000000005,1.39695,0.210018,-0.0,1576595819810369968
-0.0,-6.81993,-0.0804,0.15932399999999997,-0.0,1576595819820405006
-0.0,-2.74365,1.4773500000000002,0.10862999999999999,-0.0,1576595819830394983
-0.0,-0.982488,1.0519,-0.137598,-0.0,1576595819840456962
-0.0,-6.5534040000000005,-0.8308000000000001,0.021726,-0.0,1576595819850404977
-0.0,-2.048592,1.4204,0.28968,-0.0,1576595819860385894
-0.0,-6.772896000000001,0.5962999999999999,0.44176199999999993,-0.0,1576595819870424985
-0.0,-7.938294000000001,1.5142000000000002,-0.014483999999999999,-0.0,1576595819880467891
-0.0,-5.074446,-1.18255,-0.16294499999999998,-0.0,1576595819890424966
-0.0,-1.3221780000000003,0.5494,-0.0,-0.0,1576595819900386095
-0.0,-8.419086,1.75875,0.666264,-0.0,1576595819910413026
-0.0,-3.1251480000000003,-2.2914000000000003,0.41641500000000004,-0.0,1576595819920422077
-0.0,-5.027412,0.006700000000000001,-0.14484,-0.0,1576595819930392026
-0.0,-4.7765640000000005,1.16245,-0.872661,-0.0,1576595819940407991
-0.0,-4.766112000000001,0.8944500000000001,-0.7966199999999999,-0.0,1576595819950360059
-0.0,1.0452000000000001,-1.0787000000000002,0.22088099999999997,-0.0,1576595819960414886
-0.0,-5.314842,-0.7102,0.7676519999999999,-0.0,1576595819970336914
-0.0,1.0452000000000001,-0.65995,-0.0,-0.0,1576595819980391025
-0.0,-1.9074900000000001,-0.7671500000000001,-0.934218,-0.0,1576595819990410089
-0.0,-1.9492980000000002,-0.3484,-0.358479,-0.0,1576595820000464916
-0.0,-2.56074,-0.37185,0.30054299999999995,-0.0,1576595820010364055
-0.0,3.4700640000000003,-0.0603,0.18467099999999997,-0.0,1576595820020373106
-0.0,-3.9247260000000006,-1.4405000000000001,-0.7567889999999999,-0.0,1576595820030391931
-0.0,0.09929400000000001,-2.5426500000000005,-0.48521400000000003,-0.0,1576595820040406942
-0.0,2.0433660000000002,-2.1641,-0.141219,-0.0,1576595820050369977
-0.0,5.09535,-2.8676,-0.307785,-0.0,1576595820060368061
-0.0,-2.513706,-1.8157000000000003,-0.666264,-0.0,1576595820070348024
-0.0,5.544786,-2.9011,-0.7314419999999999,-0.0,1576595820080434083
-0.0,0.3292380000000001,-2.6264000000000003,-0.582981,-0.0,1576595820090472936
-0.0,5.377554,-0.9714999999999999,-0.6517799999999999,-0.0,1576595820100394964
-0.0,3.24012,-2.50245,-0.499698,-0.0,1576595820110433101
-0.0,0.9981660000000001,-2.7805,-0.561255,-0.0,1576595820120441913
-0.0,5.194644,-2.3718,-0.304164,-0.0,1576595820130417108
-0.0,1.6984500000000002,-2.85085,-0.47073,-0.0,1576595820140399932
-0.0,3.1199220000000003,-3.1624,-0.7386839999999999,-0.0,1576595820150424003
-0.0,1.9806540000000001,-2.7001000000000004,-0.8002409999999999,-0.0,1576595820160439014
-0.0,4.3323540000000005,-2.8609,-0.745926,-0.0,1576595820170425891
-0.0,0.10974600000000001,-2.50915,-0.496077,-0.0,1576595820180397987
-0.0,0.8831940000000001,-1.89275,-0.351237,-0.0,1576595820190351963
-0.0,4.191252,-2.45555,-0.19553399999999999,-0.0,1576595820200423002
-0.0,0.8936460000000002,-3.43375,-0.575739,-0.0,1576595820210355043
-0.0,-0.81003,-2.2746500000000003,-0.6191909999999999,-0.0,1576595820220413923
-0.0,4.562298000000001,-3.46725,-0.467109,-0.0,1576595820230400085
-0.0,3.5275500000000006,-3.4103,-0.430899,-0.0,1576595820240427970
-0.0,1.797744,-3.2729500000000002,-0.695232,-0.0,1576595820250380992
-0.0,4.233060000000001,-2.2847000000000004,-0.445383,-0.0,1576595820260365009
-0.0,2.8377180000000006,-2.4254,-0.5974649999999999,-0.0,1576595820270365953
-0.0,2.205372,-2.10715,-0.45624599999999993,-0.0,1576595820280456066
-0.0,1.3065,-2.62305,-0.608328,-0.0,1576595820290391921
-0.0,3.0154020000000004,-1.6214,-0.669885,-0.0,1576595820300357103
-0.0,2.3203440000000004,-2.8073,-0.41641500000000004,-0.0,1576595820310364007
-0.0,0.067938,-2.1775,-0.6771269999999999,-0.0,1576595820320450067
-0.0,4.076280000000001,-3.3600499999999998,-0.32226899999999997,-0.0,1576595820330416917
-0.0,3.29238,-1.5879,-0.376584,-0.0,1576595820340382099
-0.0,-1.4580540000000004,-2.6063,-0.5359079999999999,-0.0,1576595820350406885
-0.0,1.850004,-1.7487000000000001,-0.38382599999999995,-0.0,1576595820360415935
-0.0,8.02191,-2.25455,-0.546771,-0.0,1576595820370390892
-0.0,-0.6584760000000002,-2.6733000000000002,-0.604707,-0.0,1576595820380374908
-0.0,2.341248,-2.9714500000000004,-0.34037399999999995,-0.0,1576595820390403032
-0.0,3.3132840000000003,-1.7520500000000003,-0.604707,-0.0,1576595820400401115
-0.0,0.23517,-2.9480000000000004,-0.45262499999999994,-0.0,1576595820410398006
-0.0,1.7872920000000003,-2.3014500000000004,-0.30054299999999995,-0.0,1576595820420361995
-0.0,4.212156000000001,-2.8374500000000005,-0.358479,-0.0,1576595820430358886
-0.0,-0.47034,-2.1708,-0.40555199999999997,-0.0,1576595820440404891
-0.0,1.9806540000000001,-1.4338,-0.3621,-0.0,1576595820450404882
-0.0,2.7488760000000005,-1.9429999999999998,-0.3114059999999999,-0.0,1576595820460382938
-0.0,2.738424,-1.68505,-0.26795399999999997,-0.0,1576595820470380067
-0.0,3.626844,-2.7436499999999997,-0.427278,-0.0,1576595820480423927
-0.0,2.132208,-1.8458500000000002,-0.372963,-0.0,1576595820490395069
-0.0,2.3203440000000004,-1.1993,-0.430899,-0.0,1576595820500370979
-0.0,2.153112,-1.71185,-0.47435099999999997,-0.0,1576595820510386943
-0.0,5.388006,-1.0519,-0.333132,-0.0,1576595820520421028
-0.0,2.2942140000000006,-0.6264500000000001,-0.278817,-0.0,1576595820530421018
-0.0,2.346474,-1.9630999999999998,-0.03258899999999999,-0.0,1576595820540359973
-0.0,2.3360220000000003,-1.5510500000000003,-0.278817,-0.0,1576595820550390958
-0.0,2.3203440000000004,-1.4338,-0.343995,-0.0,1576595820560431003
-0.0,3.2767020000000002,-3.6917000000000004,-0.39468899999999996,-0.0,1576595820570420026
-0.0,-0.7211880000000002,-1.6783500000000002,-0.550392,-0.0,1576595820580425024
-0.0,1.7611620000000001,-2.0971,-0.086904,-0.0,1576595820590359926
-0.0,2.8586220000000004,-0.7738500000000001,-0.23898599999999998,-0.0,1576595820600410938
-0.0,1.860456,-1.9396499999999999,-0.19191299999999997,-0.0,1576595820610409021
-0.0,-3.6947820000000005,-1.3065,-0.24260700000000002,-0.0,1576595820620393991
-0.0,3.3185100000000003,-0.6432,-0.20277599999999998,-0.0,1576595820630418062
-0.0,4.233060000000001,-0.48910000000000003,-0.14846099999999998,-0.0,1576595820640476942
-0.0,7.243236,-1.2462,-0.19915499999999997,-0.0,1576595820650422096
-0.0,4.384614,-1.7855500000000002,-0.14846099999999998,-0.0,1576595820660407066
-0.0,-2.7541020000000005,-1.49075,-0.094146,-0.0,1576595820670428037
-0.0,3.1146960000000004,-2.5594000000000006,-0.25709099999999996,-0.0,1576595820680517911
-0.0,1.421472,-1.7353,-0.30054299999999995,-0.0,1576595820690433025
-0.0,-0.930228,-1.4740000000000002,-0.3621,-0.0,1576595820700333118
-0.0,5.51343,-1.1792,-0.20277599999999998,-0.0,1576595820710398912
-0.0,3.720912,-2.0100000000000002,-0.25709099999999996,-0.0,1576595820720483064
-0.0,-0.30310800000000004,-0.29145,-0.10138799999999999,-0.0,1576595820730437040
-0.0,3.9769860000000006,-0.7805500000000001,-0.173808,-0.0,1576595820740453958
-0.0,2.9213340000000003,-2.6331000000000007,-0.528666,-0.0,1576595820750360012
-0.0,0.449436,-1.3199,-0.166566,-0.0,1576595820760406970
-0.0,3.720912,-0.40535,-0.213639,-0.0,1576595820770389080
-0.0,1.024296,-1.407,-0.27157499999999996,-0.0,1576595820780396938
-0.0,2.9108820000000004,-2.6934000000000005,-0.018105,-0.0,1576595820790397882
-0.0,3.21399,-0.7303000000000001,-0.07242,-0.0,1576595820800404071
-0.0,-3.8254320000000006,0.9011500000000001,-0.32588999999999996,-0.0,1576595820810421943
-0.0,6.631794,-1.7855500000000002,-0.068799,-0.0,1576595820820450067
-0.0,1.6096080000000001,-0.7169,0.076041,-0.0,1576595820830363035
-0.0,0.898872,-0.7705000000000001,-0.07966199999999998,-0.0,1576595820840440988
-0.0,5.926284,-2.1741500000000005,-0.13397699999999998,-0.0,1576595820850405931
-0.0,-0.8413860000000002,-1.4673,-0.293301,-0.0,1576595820860388040
-0.0,5.393232000000001,-0.7169,-0.13035599999999997,-0.0,1576595820870389938
-0.0,4.431648000000001,-1.8592500000000003,0.333132,-0.0,1576595820880446910
-0.0,-0.9772620000000001,-1.00165,-0.376584,-0.0,1576595820890434026
-0.0,3.3394140000000005,0.43215000000000003,-0.745926,-0.0,1576595820900401115
-0.0,3.454386000000001,-1.24955,-0.173808,-0.0,1576595820910446882
-0.0,-5.226,0.08375,0.278817,-0.0,1576595820920371055
-0.0,3.726138,-2.0971,0.753168,-0.0,1576595820930403947
-0.0,2.6600340000000005,0.5025000000000001,0.31864799999999993,-0.0,1576595820940450906
-0.0,-1.473732,-0.1876,-0.32951099999999994,-0.0,1576595820950395107
-0.0,4.321902000000001,-0.201,-0.8980079999999999,-0.0,1576595820960443973
-0.0,-1.6827720000000004,-0.60635,-0.235365,-0.0,1576595820970410108
-0.0,-0.7891260000000001,-0.23450000000000004,0.6372959999999999,-0.0,1576595820980426073
-0.0,-1.6723200000000003,-0.6164,0.7604099999999999,-0.0,1576595820990400075
-0.0,-0.3292380000000001,-0.6164,-0.40917299999999995,-0.0,1576595821000473022
-0.0,0.5591820000000001,-0.5661500000000002,-0.6191909999999999,-0.0,1576595821010437965
-0.0,0.318786,-0.5661500000000002,0.32226899999999997,-0.0,1576595821020433902
-0.0,-3.072888,-0.51925,0.604707,-0.0,1576595821030422925
-0.0,-8.006232,-0.8542500000000001,0.24260700000000002,-0.0,1576595821040419101
-0.0,-0.9145500000000001,-0.44220000000000004,0.304164,-0.0,1576595821050453901
-0.0,-4.771338,1.1859,0.36572099999999996,-0.0,1576595821060374975
-0.0,-4.243512000000001,-0.4757,0.7278209999999999,-0.0,1576595821070362091
-0.0,-4.300998000000001,1.072,0.7893779999999999,-0.0,1576595821080463886
-0.0,-4.368936000000001,-0.43885,0.6445379999999999,-0.0,1576595821090368986
-0.0,-0.6584760000000002,0.6465500000000001,0.604707,-0.0,1576595821100385904
-0.0,-7.833774000000001,-0.30485,0.564876,-0.0,1576595821110373020
-0.0,1.3639860000000001,-0.1474,0.6228119999999998,-0.0,1576595821120413064
-0.0,-8.016684,0.42880000000000007,0.36934199999999995,-0.0,1576595821130408048
-0.0,1.9336200000000001,0.07705,0.430899,-0.0,1576595821140373945
-0.0,-6.234618,-0.3015,0.5902229999999999,-0.0,1576595821150386095
-0.0,-5.074446,0.41540000000000005,0.8654189999999998,-0.0,1576595821160414934
-0.0,-6.349590000000001,-1.8626000000000003,0.9197339999999999,-0.0,1576595821170406103
-0.0,-1.9022640000000002,-1.9228999999999998,0.45624599999999993,-0.0,1576595821180409908
-0.0,-6.438432000000001,-1.5879,0.09776699999999999,-0.0,1576595821190396070
-0.0,-4.4368739999999995,-1.5812,0.568497,-0.0,1576595821200479030
-0.0,0.318786,-0.6499,0.6409169999999998,-0.0,1576595821210406064
-0.0,-7.9226160000000005,-2.6331000000000007,0.376584,-0.0,1576595821220401048
-0.0,0.12019800000000001,-0.1876,0.43451999999999996,-0.0,1576595821230397939
-0.0,-6.198036,-1.8726500000000004,0.496077,-0.0,1576595821240443944
-0.0,-2.6966160000000006,-2.75705,0.7640309999999999,-0.0,1576595821250459909
-0.0,-5.82699,-1.00165,0.5069400000000001,-0.0,1576595821260401010
-0.0,-4.5779760000000005,-2.20095,0.45986699999999997,-0.0,1576595821270409107
-0.0,-0.8152560000000001,-2.2914000000000003,0.7278209999999999,-0.0,1576595821280375003
-0.0,-5.743374,-2.0636,0.264333,-0.0,1576595821290438890
-0.0,-2.4300900000000003,-0.30485,0.6336749999999999,-0.0,1576595821300381898
-0.0,-5.868798000000001,-2.2579000000000002,0.38020499999999996,-0.0,1576595821310405969
-0.0,-0.8727420000000001,-0.42545,0.43814099999999995,-0.0,1576595821320441007
-0.0,-5.293938,-1.3098500000000002,0.492456,-0.0,1576595821330425977
-0.0,-4.2853200000000005,-0.9849,0.445383,-0.0,1576595821340419054
-0.0,-0.224718,-1.6348,0.604707,-0.0,1576595821350383043
-0.0,-7.541118000000001,-1.2127,0.45624599999999993,-0.0,1576595821360426902
-0.0,-1.7402580000000003,-1.3299500000000002,0.6191909999999999,-0.0,1576595821370421886
-0.0,0.020904000000000002,-2.52925,0.572118,-0.0,1576595821380422115
-0.0,-5.497752000000001,-1.13565,0.528666,-0.0,1576595821390418052
-0.0,-1.7350320000000001,-1.6616000000000002,0.57936,-0.0,1576595821400408029
-0.0,-1.7089020000000001,-1.0184,0.6409169999999998,-0.0,1576595821410392045
-0.0,-6.203262000000001,-2.1976,0.604707,-0.0,1576595821420413017
-0.0,0.35014200000000006,-0.7839000000000002,0.44900399999999996,-0.0,1576595821430425882
-0.0,-6.208488000000001,-1.8190500000000003,0.39106799999999997,-0.0,1576595821440424919
-0.0,0.33446400000000004,-1.7219,0.45986699999999997,-0.0,1576595821450412034
-0.0,-5.837442,-2.01335,0.40917299999999995,-0.0,1576595821460408926
-0.0,-7.389564000000001,-2.6465,0.46348799999999996,-0.0,1576595821470400094
-0.0,-3.5850360000000006,-1.24955,0.5214239999999999,-0.0,1576595821480433940
-0.0,-4.36371,-2.0569,0.47797199999999995,-0.0,1576595821490411043
-0.0,-2.8481700000000005,-1.0385,0.427278,-0.0,1576595821500370025
-0.0,-6.684054000000001,-1.5510500000000003,0.27157499999999996,-0.0,1576595821510406017
-0.0,-0.9040980000000001,-0.536,0.44176199999999993,-0.0,1576595821520422935
-0.0,-1.3901160000000001,-1.41035,0.488835,-0.0,1576595821530427932
-0.0,-6.725862,-1.8458500000000002,0.6626429999999999,-0.0,1576595821540400028
-0.0,-4.123314000000001,-1.18255,0.39830999999999994,-0.0,1576595821550410032
-0.0,-4.400292,-1.22945,0.564876,-0.0,1576595821560437917
-0.0,-3.8620140000000003,-0.9413500000000001,0.40917299999999995,-0.0,1576595821570384025
-0.0,-6.020352,-1.0586000000000002,0.36934199999999995,-0.0,1576595821580405950
-0.0,-2.471898,-0.04355,0.7386839999999999,-0.0,1576595821590380907
-0.0,-6.06216,-0.92125,0.07242,-0.0,1576595821600408077
-0.0,0.7055100000000001,-1.7453500000000002,0.43814099999999995,-0.0,1576595821610466003
-0.0,-7.0341960000000014,-1.08205,0.18105,-0.0,1576595821620429992
-0.0,-4.269642,-0.8509,0.347616,-0.0,1576595821630387067
-0.0,1.421472,-0.0201,0.499698,-0.0,1576595821640460014
-0.0,-6.934902,-0.9916,0.249849,-0.0,1576595821650427103
-0.0,-4.123314000000001,-1.1055000000000001,0.41279399999999994,-0.0,1576595821660402059
-0.0,-6.97671,-1.2462,0.15570299999999995,-0.0,1576595821670352935
-0.0,-6.61089,-1.3601,0.32226899999999997,-0.0,1576595821680417060
-0.0,-5.999448,-1.39695,0.575739,-0.0,1576595821690432071
-0.0,-0.5173740000000001,-1.5142000000000002,0.333132,-0.0,1576595821700381040
-0.0,-3.18786,-0.1809,0.18105,-0.0,1576595821710402011
-0.0,-4.290546,-1.3601,0.45624599999999993,-0.0,1576595821720412969
-0.0,-3.8985960000000004,-1.4974500000000002,0.19915499999999997,-0.0,1576595821730403900
-0.0,-2.29944,-0.8174,0.46348799999999996,-0.0,1576595821740398883
-0.0,1.7402580000000003,-0.9313000000000001,0.6228119999999998,-0.0,1576595821750365972
-0.0,-2.231502,-0.95475,0.47073,-0.0,1576595821760443925
-0.0,1.8291000000000002,-0.9581,0.32951099999999994,-0.0,1576595821770412921
-0.0,-1.22811,-1.97315,0.38744699999999993,-0.0,1576595821780389070
-0.0,-2.9422379999999997,-1.3266000000000002,0.546771,-0.0,1576595821790393114
-0.0,0.381498,-0.6834,0.39468899999999996,-0.0,1576595821800426006
-0.0,-2.29944,-0.42545,0.043452,-0.0,1576595821810398101
-0.0,0.381498,0.10385000000000001,0.20277599999999998,-0.0,1576595821820386886
-0.0,1.6775460000000002,-1.8257500000000002,0.47073,-0.0,1576595821830409049
-0.0,-1.09746,0.4958,0.41641500000000004,-0.0,1576595821840461969
-0.0,0.355368,-0.9313000000000001,0.173808,-0.0,1576595821850368022
-0.0,-1.181076,-1.8458500000000002,0.025346999999999998,-0.0,1576595821860409021
-0.0,1.1340420000000002,-0.05025,0.38020499999999996,-0.0,1576595821870394945
-0.0,-1.1340420000000002,-1.0921,1.057332,-0.0,1576595821880475997
-0.0,-1.17585,-1.57115,0.7966199999999999,-0.0,1576595821890397071
-0.0,-1.28037,-0.3919500000000001,0.445383,-0.0,1576595821900360107
-0.0,-0.47034,-1.7487000000000001,0.20639699999999997,-0.0,1576595821910423040
-0.0,-1.1131380000000002,0.402,-0.40555199999999997,-0.0,1576595821920458078
-0.0,-1.0608780000000002,-2.2311000000000005,-0.14846099999999998,-0.0,1576595821930449008
-0.0,-1.0608780000000002,-1.6046500000000001,0.152082,-0.0,1576595821940428018
-0.0,-0.9511320000000001,-0.6499,0.803862,-0.0,1576595821950412034
-0.0,-0.94068,-1.6884000000000001,0.351237,-0.0,1576595821960458040
-0.0,-1.64619,0.9413500000000001,-0.282438,-0.0,1576595821970431089
-0.0,-1.003392,0.19095,-0.48521400000000003,-0.0,1576595821980415105
-0.0,-1.6043820000000002,0.0804,0.5938439999999999,-0.0,1576595821990370035
-0.0,-0.9563580000000002,-0.21105000000000002,0.57936,-0.0,1576595822000473022
-0.0,-0.898872,-0.21440000000000003,-0.141219,-0.0,1576595822010387897
-0.0,-0.94068,0.9782000000000001,-0.347616,-0.0,1576595822020404100
-0.0,-0.9877140000000001,0.45225000000000004,-0.0,-0.0,1576595822030401945
-0.0,-1.087008,1.9429999999999998,0.32588999999999996,-0.0,1576595822040472030
-0.0,0.501696,1.1423500000000002,-0.45986699999999997,-0.0,1576595822050403118
-0.0,-0.224718,1.97315,-0.6191909999999999,-0.0,1576595822060403108
-0.0,0.5173740000000001,1.1524,-0.15932399999999997,-0.0,1576595822070415973
-0.0,-1.128816,1.4472,-0.021726,-0.0,1576595822080415964
-0.0,-0.8570640000000002,2.05355,-0.07966199999999998,-0.0,1576595822090373039
-0.0,-0.21426600000000004,1.4338,-0.6517799999999999,-0.0,1576595822100387096
-0.0,-4.7034,2.4589,-0.5069400000000001,-0.0,1576595822110397100
-0.0,1.4371500000000004,0.25125000000000003,-0.3621,-0.0,1576595822120466947
-0.0,0.3292380000000001,1.1892500000000001,-0.10862999999999999,-0.0,1576595822130392074
-0.0,1.2908220000000001,0.9782000000000001,0.235365,-0.0,1576595822140431880
-0.0,-2.7593280000000004,1.7487000000000001,0.249849,-0.0,1576595822150389909
-0.0,1.870908,0.98825,-0.31864799999999993,-0.0,1576595822160419940
-0.0,-6.757218,0.7470500000000001,-0.684369,-0.0,1576595822170392990
-0.0,2.8168140000000004,1.4974500000000002,-0.32588999999999996,-0.0,1576595822180387020
-0.0,-4.91244,2.9480000000000004,0.445383,-0.0,1576595822190371036
-0.0,-3.151278,0.8844000000000001,0.564876,-0.0,1576595822200463056
-0.0,-6.030804000000001,1.7855500000000002,-0.28968,-0.0,1576595822210397005
-0.0,-4.567524,1.8492000000000002,-0.952323,-0.0,1576595822220408916
-0.0,-1.625286,0.48910000000000003,-0.6010859999999999,-0.0,1576595822230398893
-0.0,-4.31145,1.7721500000000001,-0.24260700000000002,-0.0,1576595822240447044
-0.0,-4.828824000000001,2.1942500000000003,0.19553399999999999,-0.0,1576595822250444889
-0.0,-7.143942000000001,1.675,0.275196,-0.0,1576595822260432958
-0.0,-5.717244000000001,0.5628000000000001,-0.028967999999999997,-0.0,1576595822270391941
-0.0,-6.32346,1.4539,-0.282438,-0.0,1576595822280487060
-0.0,-6.192810000000001,1.1524,-0.13035599999999997,-0.0,1576595822290442943
-0.0,-4.734756000000001,1.6616000000000002,-0.07966199999999998,-0.0,1576595822300435066
-0.0,-2.5816440000000003,2.8743,-0.25347000000000003,-0.0,1576595822310408115
-0.0,-5.790408000000001,2.3952500000000003,-0.5178029999999999,-0.0,1576595822320432901
-0.0,-6.532500000000001,1.98655,-0.47073,-0.0,1576595822330421924
-0.0,1.7611620000000001,0.98825,-0.32588999999999996,-0.0,1576595822340413093
-0.0,-7.593378,1.08875,0.13035599999999997,-0.0,1576595822350431919
-0.0,-1.7663880000000003,1.6147,0.10138799999999999,-0.0,1576595822360416889
-0.0,-7.26414,1.63815,-0.26071199999999994,-0.0,1576595822370410919
-0.0,-0.47034,1.02845,-0.420036,-0.0,1576595822380386114
-0.0,-5.14761,2.4689500000000004,-0.07242,-0.0,1576595822390324115
-0.0,-0.6793800000000001,1.6884000000000001,-0.10862999999999999,-0.0,1576595822400433063
-0.0,-4.478682000000001,1.2093500000000001,-0.19915499999999997,-0.0,1576595822410398006
-0.0,-0.7891260000000001,2.2344500000000003,-0.666264,-0.0,1576595822420367956
-0.0,-4.431648000000001,1.6113499999999998,-0.41641500000000004,-0.0,1576595822430418014
-0.0,-0.747318,1.7554,-0.15570299999999995,-0.0,1576595822440418004
-0.0,-7.332078000000001,0.32495,-0.123114,-0.0,1576595822450354099
-0.0,-0.386724,1.63815,0.007241999999999999,-0.0,1576595822460366010
-0.0,-3.9560820000000003,1.2730000000000001,-0.32226899999999997,-0.0,1576595822470391988
-0.0,-3.1251480000000003,0.72695,-0.47435099999999997,-0.0,1576595822480421066
-0.0,-0.28743,2.3014500000000004,-0.018105,-0.0,1576595822490406036
-0.0,-6.401850000000001,1.8090000000000002,0.582981,-0.0,1576595822500453948
-0.0,-1.1601720000000002,1.8123500000000001,0.27157499999999996,-0.0,1576595822510409116
-0.0,-6.736314,1.3299500000000002,-0.376584,-0.0,1576595822520417928
-0.0,-4.996056,1.65155,-0.525045,-0.0,1576595822530416011
-0.0,1.196754,1.22945,-0.177429,-0.0,1576595822540369987
-0.0,-6.58476,0.6867500000000001,0.6300539999999999,-0.0,1576595822550347089
-0.0,-2.053818,2.2311000000000005,0.32588999999999996,-0.0,1576595822560447931
-0.0,-5.696340000000001,1.8056500000000002,-0.557634,-0.0,1576595822570410013
-0.0,1.2124320000000002,0.6097,-0.8147249999999999,-0.0,1576595822580394029
-0.0,-6.3548160000000005,1.87935,-0.152082,-0.0,1576595822590368032
-0.0,-7.201428,1.5678000000000003,0.6409169999999998,-0.0,1576595822600411891
-0.0,-0.135876,1.7353,0.420036,-0.0,1576595822610357046
-0.0,-4.290546,2.0267500000000003,-0.090525,-0.0,1576595822620359897
-0.0,-0.747318,0.6767,-0.568497,-0.0,1576595822630371093
-0.0,-0.271752,1.59125,-0.19915499999999997,-0.0,1576595822640458106
-0.0,-4.374162,1.5945999999999998,0.550392,-0.0,1576595822650387048
-0.0,1.9283940000000002,1.8994499999999999,0.32226899999999997,-0.0,1576595822660396099
-0.0,-2.8272660000000007,2.46225,0.6191909999999999,-0.0,1576595822670367002
-0.0,2.01201,1.41035,-0.17018699999999998,-0.0,1576595822680476903
-0.0,0.54873,1.68505,-0.41641500000000004,-0.0,1576595822690399885
-0.0,-3.8515620000000004,1.7520500000000003,0.44176199999999993,-0.0,1576595822700392007
-0.0,-0.21949200000000002,-0.16415000000000002,0.9233549999999999,-0.0,1576595822710336923
-0.0,1.0922340000000001,0.23115000000000002,-0.210018,-0.0,1576595822720366954
-0.0,0.125424,-0.0804,-0.5902229999999999,-0.0,1576595822730444908
-0.0,-0.945906,0.61975,-0.141219,-0.0,1576595822740372896
-0.0,-1.0452000000000001,0.29145,0.39468899999999996,-0.0,1576595822750399112
-0.0,-1.050426,0.6566000000000001,-0.054314999999999995,-0.0,1576595822760457038
-0.0,-0.945906,0.65995,-0.6445379999999999,-0.0,1576595822770349025
-0.0,-0.7891260000000001,0.6097,-0.492456,-0.0,1576595822780342102
-0.0,0.48079200000000005,-0.97485,0.30054299999999995,-0.0,1576595822790349960
-0.0,-0.7316400000000002,0.871,0.293301,-0.0,1576595822800461053
-0.0,2.163564,-0.51255,-0.094146,-0.0,1576595822810389041
-0.0,-0.768222,-1.06865,-0.5902229999999999,-0.0,1576595822820413112
-0.0,4.520490000000001,-0.22445,-0.32951099999999994,-0.0,1576595822830424070
-0.0,-1.4371500000000004,-0.24455000000000002,0.213639,-0.0,1576595822840429067
-0.0,3.830658,-1.75875,0.13397699999999998,-0.0,1576595822850410938
-0.0,-1.9283940000000002,-0.83415,-0.047073,-0.0,1576595822860409975
-0.0,3.8567880000000003,-1.25625,-0.6409169999999998,-0.0,1576595822870383024
-0.0,2.2785360000000003,-0.99495,-0.39106799999999997,-0.0,1576595822880443096
-0.0,1.536444,-0.9983,0.21725999999999998,-0.0,1576595822890444040
-0.0,3.8672400000000002,-0.7604500000000001,-0.11587199999999999,-0.0,1576595822900418043
-0.0,0.7891260000000001,-0.9581,-0.503319,-0.0,1576595822910401105
-0.0,-2.4875760000000002,-0.45560000000000006,-0.358479,-0.0,1576595822920417070
-0.0,-0.8779680000000001,-1.40365,0.094146,-0.0,1576595822930403947
-0.0,2.450994,0.8174,-0.152082,-0.0,1576595822940402030
-0.0,-2.3151180000000005,0.43215000000000003,-0.6517799999999999,-0.0,1576595822950396060
-0.0,-0.8675160000000001,0.7972999999999999,-0.3114059999999999,-0.0,1576595822960445880
-0.0,3.5484540000000004,0.3886,0.19191299999999997,-0.0,1576595822970402002
-0.0,-0.355368,-1.5276,0.166566,-0.0,1576595822980376005
-0.0,-0.15155400000000002,0.006700000000000001,-0.17018699999999998,-0.0,1576595822990364074
-0.0,-0.041808000000000005,-1.6783500000000002,-0.11587199999999999,-0.0,1576595823000422000
-0.0,-0.141102,-0.35175,-0.11225099999999999,-0.0,1576595823010394096
-0.0,-0.34491600000000006,-0.42210000000000003,-0.582981,-0.0,1576595823020375967
-0.0,-0.8413860000000002,-0.34504999999999997,0.054314999999999995,-0.0,1576595823030421018
-0.0,0.4285320000000001,0.3015,0.343995,-0.0,1576595823040436029
-0.0,-1.6879980000000003,1.5945999999999998,-0.152082,-0.0,1576595823050427913
-0.0,1.9388460000000003,2.59625,-0.047073,-0.0,1576595823060390949
-0.0,-4.6250100000000005,0.2881,-0.028967999999999997,-0.0,1576595823070449113
-0.0,-2.372604,2.5627500000000003,0.44900399999999996,-0.0,1576595823080445051
-0.0,-4.666818000000001,2.87095,-0.249849,-0.0,1576595823090409994
-0.0,-0.193362,0.7504,-0.054314999999999995,-0.0,1576595823100373029
-0.0,-3.3864480000000006,2.04015,0.3114059999999999,-0.0,1576595823110349893
-0.0,-4.243512000000001,0.7035,0.275196,-0.0,1576595823120443105
-0.0,-4.175574,2.9748,-0.21725999999999998,-0.0,1576595823130434036
-0.0,-3.6163920000000003,0.6097,-0.13397699999999998,-0.0,1576595823140446901
-0.0,-3.726138,1.5644500000000001,0.43451999999999996,-0.0,1576595823150356054
-0.0,0.6950580000000001,2.814,0.278817,-0.0,1576595823160440921
-0.0,-3.9926640000000004,0.7470500000000001,0.047073,-0.0,1576595823170432090
-0.0,-5.205096,1.9765,0.445383,-0.0,1576595823180392980
-0.0,-1.6879980000000003,1.34335,0.611949,-0.0,1576595823190344095
-0.0,-4.46823,0.7403500000000001,0.25347000000000003,-0.0,1576595823200417041
-0.0,-1.9127160000000003,1.7085000000000001,-0.30054299999999995,-0.0,1576595823210361957
-0.0,-4.489134,1.1658,0.307785,-0.0,1576595823220382928
-0.0,-2.74365,2.2244,0.68799,-0.0,1576595823230366945
-0.0,-0.245622,1.072,0.749547,-0.0,1576595823240426063
-0.0,-5.309616000000001,2.48905,0.19191299999999997,-0.0,1576595823250431060
-0.0,-2.006784,1.47065,0.26795399999999997,-0.0,1576595823260399103
-0.0,-3.4857420000000006,1.9262499999999998,0.6336749999999999,-0.0,1576595823270389080
-0.0,-1.9806540000000001,1.2730000000000001,0.48521400000000003,-0.0,1576595823280435085
-0.0,-6.637020000000001,1.02845,0.23174399999999998,-0.0,1576595823290388107
-0.0,-2.132208,2.5996,0.293301,-0.0,1576595823300379991
-0.0,-4.421196,1.6113499999999998,0.5359079999999999,-0.0,1576595823310405969
-0.0,-5.340972000000001,2.7805,0.503319,-0.0,1576595823320452928
-0.0,-2.163564,1.0117,0.550392,-0.0,1576595823330413103
-0.0,-1.473732,0.37185,0.20277599999999998,-0.0,1576595823340377092
-0.0,-4.645914,2.2277500000000003,-0.22812299999999996,-0.0,1576595823350409030
-0.0,-3.182634,2.87765,0.38382599999999995,-0.0,1576595823360445976
-0.0,-4.138992000000001,1.6314499999999998,0.354858,-0.0,1576595823370449066
-0.0,-1.6618680000000003,1.1993,0.40917299999999995,-0.0,1576595823380412101
-0.0,-3.3759960000000007,2.10715,0.137598,-0.0,1576595823390398979
-0.0,-3.3498660000000005,1.7554,-0.23898599999999998,-0.0,1576595823400439977
-0.0,-1.844778,-0.4087,0.6300539999999999,-0.0,1576595823410340070
-0.0,-1.7716140000000002,1.6448500000000001,0.8835239999999999,-0.0,1576595823420411109
-0.0,-2.8063620000000005,2.0904000000000003,0.7423049999999999,-0.0,1576595823430437088
-0.0,0.459888,1.8291000000000002,0.28968,-0.0,1576595823440464019
-0.0,-7.201428,1.9497,0.249849,-0.0,1576595823450397968
-0.0,-3.637296,0.7805500000000001,0.57936,-0.0,1576595823460380077
-0.0,-3.6163920000000003,2.5058000000000002,0.7386839999999999,-0.0,1576595823470371007
-0.0,-3.6059400000000004,0.9849,0.39106799999999997,-0.0,1576595823480457067
-0.0,-2.8377180000000006,1.61805,-0.16294499999999998,-0.0,1576595823490381956
-0.0,-8.33547,1.7688000000000001,-0.31864799999999993,-0.0,1576595823500382900
-0.0,-1.4476020000000003,2.04015,0.03983099999999999,-0.0,1576595823510325908
-0.0,0.15678,1.63815,0.5974649999999999,-0.0,1576595823520394086
-0.0,-5.978544,1.3534,0.235365,-0.0,1576595823530411958
-0.0,-1.478958,1.41035,-0.282438,-0.0,1576595823540366888
-0.0,-2.9370120000000006,0.47905,-0.23174399999999998,-0.0,1576595823550368070
-0.0,-3.720912,2.4388,0.03258899999999999,-0.0,1576595823560409069
-0.0,-6.877416000000001,1.7922500000000001,0.698853,-0.0,1576595823570416927
-0.0,-3.8567880000000003,0.3819,0.7423049999999999,-0.0,1576595823580380916
-0.0,-2.3203440000000004,1.8391500000000003,0.39830999999999994,-0.0,1576595823590383052
-0.0,-6.088290000000001,1.8090000000000002,-0.282438,-0.0,1576595823600399971
-0.0,-3.8358840000000005,1.1859,0.572118,-0.0,1576595823610404968
-0.0,-0.820482,-0.2479,0.9378389999999999,-0.0,1576595823620378017
-0.0,-2.95269,0.3484,0.48159299999999994,-0.0,1576595823630383014
-0.0,-3.5380020000000005,1.7956,-0.282438,-0.0,1576595823640414953
-0.0,3.78885,-1.0653000000000001,0.03258899999999999,-0.0,1576595823650392055
-0.0,-6.224166000000001,1.1959499999999998,0.713337,-0.0,1576595823660396099
-0.0,-1.4110200000000002,1.9564000000000001,0.7748939999999999,-0.0,1576595823670418977
-0.0,4.4839080000000004,0.2479,-0.0,-0.0,1576595823680466890
-0.0,-6.015126,2.20095,-0.19191299999999997,-0.0,1576595823690404891
-0.0,-0.982488,1.8559000000000003,0.14484,-0.0,1576595823700380086
-0.0,0.026130000000000004,1.6247500000000001,0.40555199999999997,-0.0,1576595823710372924
-0.0,-5.994222000000001,1.4740000000000002,-0.025346999999999998,-0.0,1576595823720417976
-0.0,-1.7611620000000001,1.8324500000000001,0.03983099999999999,-0.0,1576595823730406999
-0.0,-3.8358840000000005,0.50585,0.047073,-0.0,1576595823740380048
-0.0,-7.321626000000001,2.6331000000000007,0.152082,-0.0,1576595823750401020
-0.0,1.7245800000000002,0.6767,0.18105,-0.0,1576595823760407924
-0.0,-4.567524,-0.60635,0.333132,-0.0,1576595823770410060
-0.0,-5.168514,2.6498500000000003,-0.07242,-0.0,1576595823780368089
-0.0,-1.7820660000000004,1.29645,-0.10138799999999999,-0.0,1576595823790394067
-0.0,-4.0867320000000005,-0.65325,-0.39468899999999996,-0.0,1576595823800426959
-0.0,-6.532500000000001,2.4924,0.235365,-0.0,1576595823810405969
-0.0,2.262858,0.25125000000000003,0.14846099999999998,-0.0,1576595823820410013
-0.0,1.4632800000000004,-0.28475,-0.086904,-0.0,1576595823830389976
-0.0,1.478958,1.9262499999999998,-0.376584,-0.0,1576595823840440988
-0.0,0.9668100000000001,1.6783500000000002,0.23898599999999998,-0.0,1576595823850423097
-0.0,0.81003,0.1541,0.03621,-0.0,1576595823860399007
-0.0,1.6827720000000004,0.48910000000000003,0.13397699999999998,-0.0,1576595823870400905
-0.0,0.041808000000000005,0.11055000000000001,0.13397699999999998,-0.0,1576595823880453109
-0.0,0.7264140000000001,0.09715,0.13397699999999998,-0.0,1576595823890404939
-0.0,-0.6584760000000002,0.05025,0.137598,-0.0,1576595823900397062
-0.0,0.8831940000000001,0.43215000000000003,0.13397699999999998,-0.0,1576595823910398960
-0.0,0.31356,0.0033500000000000005,0.13397699999999998,-0.0,1576595823920448064
-0.0,-0.54873,0.3919500000000001,0.13397699999999998,-0.0,1576595823930449962
-0.0,-0.5957640000000001,0.41204999999999997,0.13397699999999998,-0.0,1576595823940454959
-0.0,-0.48079200000000005,0.41204999999999997,0.13397699999999998,-0.0,1576595823950347900
-0.0,-0.47034,0.38525000000000004,0.13397699999999998,-0.0,1576595823960436105
-0.0,-0.40762800000000005,0.4087,0.13397699999999998,-0.0,1576595823970448017
-0.0,-0.40240200000000004,0.3819,0.13397699999999998,-0.0,1576595823980427026
-0.0,-0.39195,0.37855000000000005,0.13397699999999998,-0.0,1576595823990408897
