arm_joint_1.eff,arm_joint_2.eff,arm_joint_3.eff,arm_joint_4.eff,arm_joint_5.eff,time_stamp
-0.0,0.21426600000000004,0.17754999999999999,-0.079662,-0.0,1576595814000159025
-0.0,0.21949200000000005,0.1675,-0.047073,-0.0,1576595814000473022
-0.0,0.21426600000000004,0.17085,-0.061557,0.0034790000000000003,1576595814010416984
-0.0,0.224718,0.17085,-0.043452,-0.0034790000000000003,1576595814020421028
-0.0,0.21949200000000005,0.17754999999999999,-0.06517799999999999,0.006958000000000001,1576595814030472040
-0.0,0.20904,0.17085,-0.061557,-0.0,1576595814040411949
-0.0,0.24562200000000003,0.17085,-0.06517799999999999,-0.006958000000000001,1576595814050420045
-0.0,0.28743,0.17085,-0.057936,-0.0034790000000000003,1576595814060406923
-0.0,0.114972,0.17085,-0.06517799999999999,-0.0,1576595814070396900
-0.0,0.29788200000000004,0.1742,-0.238986,-0.0,1576595814080439090
-0.0,1.322178,0.17754999999999999,-0.17018699999999998,-0.0,1576595814090425014
-0.0,-0.09406800000000001,0.19430000000000003,-0.047073,-0.006958000000000001,1576595814100393056
-0.010452000000000001,0.32923800000000003,0.12394999999999999,-0.26071199999999994,0.006958000000000001,1576595814110398054
-0.0,3.689556,0.25125,-0.45624599999999993,-0.0,1576595814120485067
-0.0,-0.564408,0.12394999999999999,-0.238986,-0.0,1576595814130409002
-0.0,3.3394140000000005,0.2546,-0.0,-0.0,1576595814140419960
-0.0,0.16200600000000004,0.6834,-0.25347000000000003,-0.010437,1576595814150392055
-0.0,4.7190780000000006,0.3819,-0.597465,0.006958000000000001,1576595814160439014
-0.0,0.91455,1.5142,-0.30778500000000003,0.0034790000000000003,1576595814170407056
-0.0,4.3428059999999995,0.056950000000000014,0.007242,-0.0,1576595814180421113
-0.0,3.496194000000001,0.6465500000000001,0.050693999999999996,-0.0,1576595814190414905
-0.0,2.8429440000000006,0.14404999999999998,-0.083283,-0.0,1576595814200423002
0.005226000000000001,5.35665,1.50415,-0.44176199999999993,-0.0034790000000000003,1576595814210427999
-0.0,1.09746,0.0268,-0.246228,-0.0,1576595814220448017
-0.0,4.5779760000000005,1.47735,0.06517799999999999,-0.0,1576595814230403900
-0.0,3.7052340000000004,0.31825000000000003,0.03258899999999999,0.0034790000000000003,1576595814240425109
-0.0,1.902264,2.3785,-0.010863,-0.0,1576595814250412940
-0.0,2.153112,1.6147,-0.771273,-0.0,1576595814260421037
-0.0,3.08334,0.9313000000000001,-0.481593,-0.0,1576595814270407915
-0.0,3.5223240000000002,0.11055000000000001,-0.10138799999999999,0.0034790000000000003,1576595814280459880
-0.0,2.649582,1.52425,-0.050693999999999996,-0.0,1576595814290411949
-0.0,2.4353160000000003,1.8123500000000001,-0.09052500000000001,-0.0,1576595814300421953
0.005226000000000001,3.104244,1.3735,-0.173808,-0.0,1576595814310419082
-0.005226000000000001,0.36582000000000003,1.07535,-0.15570299999999998,0.0034790000000000003,1576595814320445060
-0.0,5.372328,1.67165,-0.22450199999999998,0.0034790000000000003,1576595814330383062
-0.005226000000000001,1.2960480000000003,1.93295,-0.235365,-0.0,1576595814340415954
-0.005226000000000001,3.7836240000000005,0.70685,-0.38020499999999996,-0.0034790000000000003,1576595814350426912
-0.0,5.126706,0.7403500000000001,-0.275196,-0.0,1576595814360450029
-0.0,2.393508,2.58955,-0.10138799999999999,-0.006958000000000001,1576595814370414972
-0.0,2.498028,0.5761999999999999,-0.0,-0.006958000000000001,1576595814380398035
-0.0,2.215824,1.5678,-0.21363899999999997,-0.0,1576595814390368938
-0.0,5.184192000000001,1.43715,-0.38744699999999993,-0.0,1576595814400382041
-0.005226000000000001,2.3255700000000004,0.9045000000000001,-0.050693999999999996,-0.010437,1576595814410443067
-0.0,3.2714760000000003,1.8224000000000005,-0.188292,-0.0,1576595814420392990
-0.0,3.287154,1.3868999999999998,-0.347616,0.0034790000000000003,1576595814430408954
-0.0,4.0292460000000005,2.24785,-0.21725999999999998,-0.0,1576595814440429925
-0.0,2.571192,1.6951,-0.06517799999999999,0.0034790000000000003,1576595814450427055
-0.0,3.9769860000000006,1.72525,-0.333132,-0.006958000000000001,1576595814460417032
-0.0,4.02402,1.4974500000000002,-0.105009,-0.0,1576595814470407009
-0.0,1.651416,1.3299500000000002,-0.079662,-0.0,1576595814480448961
-0.0,3.2453460000000005,1.1523999999999999,-0.33675299999999997,-0.0034790000000000003,1576595814490434885
-0.0,4.003116,1.7654500000000004,-0.09776699999999999,-0.0,1576595814500402927
-0.0,3.720912,0.9983000000000001,-0.32588999999999996,-0.0,1576595814510395050
-0.005226000000000001,2.393508,1.1289500000000001,-0.20277599999999998,-0.0,1576595814520448923
-0.0,2.4300900000000003,1.6448500000000001,-0.10138799999999999,-0.0034790000000000003,1576595814530397891
-0.0,1.797744,0.9313000000000001,-0.37296299999999993,0.0034790000000000003,1576595814540374040
-0.0,3.8985960000000004,0.9882500000000001,-0.018104999999999996,0.0034790000000000003,1576595814550394058
-0.0,3.9613080000000007,1.05525,-0.293301,0.013916000000000001,1576595814560467958
-0.0,1.839552,2.07365,-0.028968,-0.0034790000000000003,1576595814570386886
-0.0,0.49124400000000007,1.37015,-0.19915499999999997,-0.006958000000000001,1576595814580406904
-0.0,4.123314000000001,1.4338,-0.13397699999999998,-0.0,1576595814590401887
-0.0,3.391674,1.5744999999999998,-0.152082,-0.0,1576595814600429058
0.005226000000000001,2.1896940000000003,1.41035,-0.31502699999999995,-0.006958000000000001,1576595814610433101
-0.0,2.8743000000000007,1.5309500000000003,-0.007242,0.0034790000000000003,1576595814620419979
-0.005226000000000001,0.7629960000000001,0.6666500000000001,-0.22450199999999998,0.0034790000000000003,1576595814630369901
0.005226000000000001,3.375996,0.76715,0.028968,-0.0,1576595814640424013
-0.0,1.8970380000000002,1.2797,-0.40555199999999997,0.0034790000000000003,1576595814650404930
-0.0,1.9858800000000003,1.5108500000000002,-0.057936,-0.0034790000000000003,1576595814660449028
-0.0,1.599156,1.09545,-0.26071199999999994,-0.0,1576595814670416116
-0.0,1.7141280000000003,1.3801999999999999,-0.0,-0.0034790000000000003,1576595814680442094
-0.0,1.170624,1.18255,-0.16294499999999998,-0.0,1576595814690401077
-0.0,2.6286780000000003,0.0603,-0.37296299999999993,-0.0,1576595814700401067
-0.0,1.154946,0.80735,-0.14483999999999997,-0.0,1576595814710403919
-0.0,1.5050880000000002,0.9413500000000001,-0.300543,-0.0,1576595814720439910
-0.0,1.196754,0.8877500000000002,-0.043452,-0.0,1576595814730393886
-0.005226000000000001,2.3778300000000003,1.29645,-0.25347000000000003,0.0034790000000000003,1576595814740387916
-0.0,1.181076,1.1724999999999999,-0.173808,-0.006958000000000001,1576595814750365018
-0.0,4.300998000000001,1.48405,-0.057936,-0.0,1576595814760416030
-0.005226000000000001,0.371046,1.1691500000000001,-0.235365,-0.0,1576595814770384073
-0.0,2.3726040000000004,1.08205,0.09052500000000001,-0.0034790000000000003,1576595814780406951
-0.0,0.036582,1.59795,-0.105009,-0.0,1576595814790426969
-0.0,2.8272660000000003,1.5678,-0.159324,-0.0,1576595814800432920
-0.0,2.471898,0.5293,0.11225099999999999,-0.0034790000000000003,1576595814810429096
-0.0,1.3378560000000002,1.45725,-0.20277599999999998,-0.0034790000000000003,1576595814820431947
-0.0,0.4389840000000001,0.35175,-0.22088099999999997,-0.0,1576595814830400943
-0.005226000000000001,0.031356,1.25625,0.079662,-0.0034790000000000003,1576595814840436935
-0.0,1.9127160000000003,1.0318,-0.025346999999999998,-0.0034790000000000003,1576595814850426912
-0.0,0.7159620000000001,-0.7973000000000001,-0.249849,-0.0,1576595814860416889
-0.0,3.3603180000000004,1.5309500000000003,-0.278817,0.006958000000000001,1576595814870429039
-0.0,-2.393508,0.80065,-0.0,-0.0,1576595814880500078
0.005226000000000001,1.865682,-0.134,-0.003621,0.0034790000000000003,1576595814890408039
-0.0,1.3065000000000002,1.2495500000000002,-0.057936,-0.0,1576595814900389909
-0.0,-1.029522,1.3132000000000001,-0.115872,-0.0,1576595814910370111
-0.0,1.5782520000000002,0.82745,0.275196,0.0034790000000000003,1576595814920445919
-0.0,2.0381400000000003,-0.3618,0.03620999999999999,0.0034790000000000003,1576595814930409908
-0.0,0.7839,0.7001499999999999,-0.550392,-0.0,1576595814940378904
-0.0,3.543228000000001,-0.27805,-0.7024739999999999,0.0034790000000000003,1576595814950422048
-0.005226000000000001,-0.951132,0.04355,-0.050693999999999996,-0.0034790000000000003,1576595814960433006
-0.0,-1.1183640000000001,0.0871,0.44900399999999996,0.0034790000000000003,1576595814970482110
-0.0,2.769780000000001,0.30820000000000003,0.532287,0.006958000000000001,1576595814980441093
-0.0,-0.4964700000000001,0.0737,0.076041,-0.0,1576595814990430116
-0.0,-0.073164,0.13735,-0.300543,-0.0,1576595815000442028
-0.0,-0.062712,0.1206,0.03620999999999999,-0.006958000000000001,1576595815010426044
-0.0,-3.637296,0.1072,0.32951099999999994,0.0034790000000000003,1576595815020420074
-0.0,-2.9108820000000004,0.03685,0.611949,0.0034790000000000003,1576595815030409097
-0.0,-3.020628,-1.26295,0.354858,-0.0034790000000000003,1576595815040457010
-0.0,-6.286878000000001,0.23785,0.18467099999999997,-0.0,1576595815050390958
0.005226000000000001,-5.158062000000001,-1.7989500000000003,0.025346999999999998,-0.0034790000000000003,1576595815060400962
-0.0,-3.3498660000000005,-0.9648,0.5178029999999999,0.0034790000000000003,1576595815070368051
-0.005226000000000001,-5.973318000000001,-1.8860499999999998,0.32588999999999996,0.0034790000000000003,1576595815080478906
-0.0,-4.15467,-0.804,0.061557,0.0034790000000000003,1576595815090398073
-0.0,-2.163564,-2.06695,-0.25709099999999996,-0.0034790000000000003,1576595815100449085
-0.0,-3.24012,-1.7353,0.231744,0.0034790000000000003,1576595815110443115
-0.0,-2.1374340000000003,-1.7989500000000003,0.9052499999999999,-0.0034790000000000003,1576595815120405912
-0.0,-5.215548000000001,-2.5326,0.7423049999999999,0.0034790000000000003,1576595815130382061
-0.0,-4.102410000000001,-0.8944500000000001,0.5648759999999999,-0.0,1576595815140397071
-0.0,-3.0676620000000003,-1.8257500000000002,0.21725999999999998,0.0034790000000000003,1576595815150366067
0.005226000000000001,-4.771338,-0.9045000000000001,0.188292,0.0034790000000000003,1576595815160434007
-0.0,-2.602548,-2.0502,0.115872,-0.0,1576595815170418024
-0.0,-4.4264220000000005,-0.5092,0.5141819999999999,-0.0,1576595815180377960
-0.0,-5.372328,-2.0970999999999997,0.423657,0.0034790000000000003,1576595815190383911
-0.0,-4.25919,-2.3249,0.45624599999999993,-0.0,1576595815200448989
-0.0,-3.5693580000000003,-0.49915000000000004,0.188292,-0.0,1576595815210408926
0.005226000000000001,-4.996056,-2.2512000000000003,0.275196,0.0034790000000000003,1576595815220405101
-0.0,-4.327128,-0.54605,0.278817,0.006958000000000001,1576595815230436086
-0.0,-4.99083,-2.4455,0.278817,-0.0034790000000000003,1576595815240426063
-0.0,-2.8429440000000006,-0.9514,0.38020499999999996,0.006958000000000001,1576595815250411033
-0.010452000000000001,-3.7104600000000003,-2.2579000000000002,0.34037399999999995,-0.0,1576595815260436058
0.005226000000000001,-3.778398,-2.0703,0.44176199999999993,-0.0,1576595815270365953
-0.0,-3.7104600000000003,-1.7386500000000003,0.27157499999999996,-0.0,1576595815280421972
0.005226000000000001,-3.7104600000000003,-1.7922500000000001,0.481593,-0.0,1576595815290388107
0.010452000000000001,-4.49436,-2.0033,0.34037399999999995,-0.0,1576595815300379991
-0.0,-3.5066460000000004,-1.0653000000000001,0.278817,-0.0,1576595815310379981
-0.0,-2.8168140000000004,-1.8324500000000004,0.423657,-0.0034790000000000003,1576595815320394039
0.005226000000000001,-3.851562,-2.2311,0.47073,-0.0,1576595815330410957
-0.0,-4.233060000000001,-1.24285,0.278817,0.0034790000000000003,1576595815340379953
-0.0,-5.706792000000001,-1.91285,0.15570299999999998,-0.0,1576595815350368022
-0.0,-4.217382000000001,-1.8492000000000002,0.4598669999999999,-0.0,1576595815360435962
-0.0,-1.6984500000000002,-1.20265,0.35123699999999997,-0.0,1576595815370404958
-0.0,-4.457778,-1.1021500000000002,0.188292,-0.0,1576595815380400896
-0.0,-6.161454000000001,-0.2747,0.492456,-0.0,1576595815390398979
-0.010452000000000001,-0.825708,-2.37515,0.354858,0.0034790000000000003,1576595815400440931
-0.0,-3.1199220000000003,-1.8257500000000002,0.13035599999999997,-0.0,1576595815410438060
-0.0,-4.640688000000001,-1.1021500000000002,0.318648,-0.0,1576595815420380115
-0.0,-1.6096080000000001,-2.1004500000000004,0.477972,-0.006958000000000001,1576595815430358886
-0.0,-0.041808000000000005,-2.1842,0.19191299999999997,-0.0,1576595815440444946
-0.0,-5.581368000000001,-1.3534000000000002,0.36210000000000003,-0.0,1576595815450428009
-0.0,-1.7036760000000004,-1.3567500000000001,0.238986,-0.006958000000000001,1576595815460402011
-0.0,-2.649582,-1.7185500000000002,0.26433299999999993,-0.0034790000000000003,1576595815470419883
-0.0,-1.865682,-1.2730000000000001,0.39468899999999996,-0.006958000000000001,1576595815480460882
-0.0,-3.6216180000000002,-2.00665,0.22088099999999997,-0.0,1576595815490422964
-0.0,-4.02402,-0.7805500000000001,0.13035599999999997,0.0034790000000000003,1576595815500431060
-0.0,-1.6827720000000004,-1.70515,0.32951099999999994,-0.0,1576595815510410070
-0.0,-2.9161080000000004,-1.9497,0.376584,-0.013916000000000001,1576595815520411014
-0.0,-4.499586000000001,-1.2261000000000002,0.18105000000000002,-0.0,1576595815530417919
-0.0,-3.10947,-1.30315,0.420036,-0.0,1576595815540397882
-0.0,-3.558906000000001,-0.1876,0.37296299999999993,-0.0,1576595815550414085
-0.0,-4.269642,-1.2998,0.188292,-0.0,1576595815560456037
0.005226000000000001,-2.0172360000000005,-2.1172,0.31140599999999996,-0.0,1576595815570398092
-0.0,-2.059044,-1.8693000000000002,0.177429,-0.0,1576595815580377101
-0.0,-4.353258,-0.70685,0.13397699999999998,-0.0,1576595815590368032
-0.0,-3.08334,-1.6247500000000001,0.358479,-0.0,1576595815600415945
-0.005226000000000001,0.031356,-1.0184,0.416415,-0.0,1576595815610431909
-0.0,-5.215548000000001,-1.1122,0.22450199999999998,-0.010437,1576595815620428085
-0.0,-2.6234520000000003,-1.7989500000000003,0.44900399999999996,-0.0,1576595815630400896
-0.0,-0.951132,-1.40365,0.31140599999999996,-0.0,1576595815640423059
-0.0,-1.9806540000000004,-1.27635,0.07241999999999998,-0.0,1576595815650412082
-0.0,-5.900154000000001,-0.9380000000000001,0.039831,-0.0,1576595815660408973
-0.0,-0.527826,-0.9815499999999999,0.44900399999999996,-0.0,1576595815670394897
-0.005226000000000001,-3.041532,-1.1122,0.423657,-0.0,1576595815680417060
-0.005226000000000001,-4.374162,-1.608,0.047073,0.006958000000000001,1576595815690423011
-0.0,-3.433482,-1.06195,0.28243799999999997,0.010437,1576595815700407028
-0.0,-0.282204,-1.2797,0.42727799999999994,-0.0,1576595815710396051
-0.0,-1.687998,-1.6314499999999998,0.275196,-0.0,1576595815720441102
-0.0,-4.41597,-0.5293,0.231744,-0.0,1576595815730421066
-0.0,-1.374438,-1.37015,0.300543,-0.0,1576595815740386962
0.005226000000000001,-0.7264140000000001,-0.79395,0.293301,0.0034790000000000003,1576595815750415086
-0.0,-3.130374,-1.5276,0.159324,-0.0,1576595815760431051
-0.005226000000000001,-1.233336,-1.5812,0.249849,-0.010437,1576595815770435094
-0.0,-3.4752900000000007,-1.8291000000000002,0.17018699999999998,-0.0,1576595815780396938
-0.0,-4.1337660000000005,-1.26295,0.231744,-0.0,1576595815790396928
-0.0,-0.465114,-2.03345,0.22088099999999997,-0.0034790000000000003,1576595815800441980
-0.005226000000000001,-0.7839,-0.36515000000000003,0.34037399999999995,-0.0034790000000000003,1576595815810398101
-0.0,-4.619784,-1.91955,0.119493,0.0034790000000000003,1576595815820444107
-0.0,-0.57486,-1.23615,0.28243799999999997,-0.0,1576595815830390930
-0.0,-2.7541020000000005,-1.21605,0.25347000000000003,-0.0034790000000000003,1576595815840426921
0.005226000000000001,-2.602548,-1.0653000000000001,0.28967999999999994,0.006958000000000001,1576595815850442886
0.005226000000000001,-2.63913,-1.7353,0.28243799999999997,0.0034790000000000003,1576595815860394001
-0.0,-3.9351780000000005,-1.2998,0.423657,-0.0034790000000000003,1576595815870357990
-0.0,-1.5939300000000003,-0.8944500000000001,0.177429,-0.0,1576595815880445957
-0.0,-2.9056560000000005,-1.6850500000000002,-0.206397,-0.0,1576595815890396118
-0.0,-2.79591,-1.00165,-0.054314999999999995,0.0034790000000000003,1576595815900413036
-0.0,-2.9004300000000005,-1.6281,0.22450199999999998,-0.006958000000000001,1576595815910398006
-0.0,-3.940404,-1.7018000000000002,1.1333729999999997,0.006958000000000001,1576595815920444965
0.005226000000000001,-1.7559360000000004,-1.03515,0.887145,-0.0,1576595815930422067
-0.0,-1.3169520000000001,0.1608,0.430899,-0.0,1576595815940398931
-0.005226000000000001,-1.1915280000000001,-0.0134,-0.28967999999999994,0.0034790000000000003,1576595815950412988
-0.0,-0.7839,-0.27805,-0.597465,-0.006958000000000001,1576595815960422039
-0.0,0.07839,-0.2144,-0.03258899999999999,-0.0034790000000000003,1576595815970400094
-0.0,-3.015402,-0.12394999999999999,0.36934199999999995,0.006958000000000001,1576595815980390071
0.005226000000000001,-0.010452000000000001,-0.18425000000000002,0.105009,-0.0034790000000000003,1576595815990391969
0.005226000000000001,-0.7107360000000001,-0.1273,-0.278817,-0.0,1576595816000403881
-0.0,-0.7159620000000001,1.00835,-0.430899,-0.0,1576595816010426998
-0.0,0.459888,-0.0938,-0.0,-0.006958000000000001,1576595816020404100
0.005226000000000001,-0.18813600000000003,1.5912499999999998,0.22450199999999998,-0.0,1576595816030416011
-0.005226000000000001,3.543228000000001,-0.88105,-0.17018699999999998,-0.0,1576595816040452003
-0.0,1.6461900000000003,1.8425000000000002,-0.6735059999999999,-0.0034790000000000003,1576595816050405025
-0.0,3.5170980000000007,1.18925,-0.4019309999999999,-0.0034790000000000003,1576595816060412883
-0.0,2.111304,1.9630999999999998,-0.086904,-0.0,1576595816070425033
-0.0,2.984046,1.1959499999999998,0.043452,-0.0,1576595816080481052
-0.0,0.6950580000000001,1.0452000000000001,0.137598,0.0034790000000000003,1576595816090373039
-0.005226000000000001,2.461446,1.5343,-0.06517799999999999,-0.0,1576595816100378036
-0.0,4.520490000000001,1.8726500000000004,-0.26433299999999993,0.010437,1576595816110394954
-0.0,0.6689280000000001,0.5393500000000001,-0.333132,-0.0,1576595816120456933
-0.0,4.36371,1.8961,-0.19191299999999997,-0.006958000000000001,1576595816130398988
-0.0,2.2419540000000002,0.8375,-0.206397,0.006958000000000001,1576595816140404939
-0.005226000000000001,1.510314,0.9212500000000001,-0.20277599999999998,0.0034790000000000003,1576595816150392055
-0.0,1.6305120000000002,1.00165,-0.34037399999999995,-0.0,1576595816160475015
0.005226000000000001,1.4214720000000003,1.18255,-0.159324,-0.0,1576595816170368909
-0.0,3.3969000000000005,0.9112000000000002,-0.083283,-0.006958000000000001,1576595816180377960
0.010452000000000001,0.898872,0.23785,-0.014484,-0.0034790000000000003,1576595816190371990
-0.0,2.7331980000000002,2.2981000000000003,-0.29692199999999996,-0.0034790000000000003,1576595816200438022
-0.005226000000000001,0.30310800000000004,0.6532500000000001,-0.430899,-0.0,1576595816210414886
-0.010452000000000001,3.00495,1.2730000000000001,-0.206397,-0.0,1576595816220406055
-0.0,4.12854,2.3718,-0.014484,-0.0,1576595816230336904
-0.0,0.9040980000000001,0.4824,-0.17018699999999998,0.0034790000000000003,1576595816240468025
0.005226000000000001,5.236452,0.80065,-0.409173,-0.0,1576595816250437974
-0.0,1.4319240000000002,2.20765,-0.20277599999999998,-0.0,1576595816260401010
-0.0,1.8081960000000001,1.98655,-0.0,-0.0,1576595816270400047
-0.0,6.464562000000001,1.3500500000000002,-0.22812299999999996,0.0034790000000000003,1576595816280504941
-0.0,2.8952040000000006,1.8023,-0.412794,-0.0034790000000000003,1576595816290437936
-0.0,1.066104,1.675,-0.10862999999999999,-0.0034790000000000003,1576595816300412893
-0.0,1.8552300000000002,1.3132000000000001,-0.246228,-0.0,1576595816310415983
-0.0,5.131932000000001,1.0988,-0.32226899999999997,-0.0,1576595816320414066
-0.0,2.294214,1.7755000000000003,-0.018104999999999996,0.0034790000000000003,1576595816330425977
0.005226000000000001,0.454662,1.9932499999999997,-0.365721,-0.0,1576595816340419054
-0.0,3.4596120000000004,0.77385,-0.09776699999999999,-0.0,1576595816350349903
-0.0,6.652698000000001,0.6900999999999999,-0.014484,-0.006958000000000001,1576595816360409021
-0.0,2.29944,1.89945,-0.39106799999999997,0.0034790000000000003,1576595816370398998
0.005226000000000001,2.545062,1.97315,-0.028968,0.0034790000000000003,1576595816380377054
-0.0,2.294214,0.86765,-0.238986,-0.0,1576595816390409946
-0.0,2.69139,1.4203999999999999,-0.25347000000000003,-0.013916000000000001,1576595816400420904
-0.0,2.1374340000000003,1.8559000000000003,-0.068799,-0.0,1576595816410399913
-0.0,1.9283940000000002,1.34,-0.416415,0.0034790000000000003,1576595816420423030
-0.0,2.69139,0.8978000000000002,-0.0,-0.0034790000000000003,1576595816430413007
0.005226000000000001,3.198312,1.42375,-0.25709099999999996,-0.0034790000000000003,1576595816440443992
-0.0,3.182634,1.3299500000000002,-0.018104999999999996,0.0034790000000000003,1576595816450428962
-0.0,0.799578,0.7403500000000001,-0.25709099999999996,-0.0,1576595816460397005
-0.0,2.4300900000000003,1.37685,-0.177429,-0.0,1576595816470422029
-0.005226000000000001,1.7663880000000003,1.2529,-0.047073,-0.0,1576595816480441093
-0.0,1.8343260000000001,0.76715,-0.44176199999999993,0.010437,1576595816490386962
-0.0,-0.799578,0.9882500000000001,-0.0,-0.0,1576595816500358104
-0.005226000000000001,3.1721820000000003,1.2931000000000001,-0.43451999999999996,-0.0034790000000000003,1576595816510400056
0.005226000000000001,1.14972,1.15575,-0.11225099999999999,-0.0,1576595816520447969
-0.0,1.4371500000000004,1.3567500000000001,-0.32588999999999996,-0.0,1576595816530404090
-0.0,2.053818,0.8408500000000001,-0.177429,-0.0,1576595816540386915
-0.0,2.0433660000000002,0.2546,-0.21363899999999997,0.0034790000000000003,1576595816550370931
-0.005226000000000001,2.6966160000000006,0.9681499999999998,-0.278817,-0.0,1576595816560430049
-0.0,1.3065000000000002,1.0251,-0.007242,-0.0,1576595816570415973
-0.0,3.679104,0.6968,-0.347616,-0.0034790000000000003,1576595816580415010
0.005226000000000001,-0.010452000000000001,1.8693000000000002,0.003621,0.0034790000000000003,1576595816590380907
-0.0,0.5173740000000001,1.0519,-0.26433299999999993,-0.0034790000000000003,1576595816600423097
-0.0,4.891536,1.30315,0.057936,-0.0034790000000000003,1576595816610420942
-0.0,-0.09929400000000001,2.08705,-0.210018,-0.0,1576595816620413064
-0.0,2.837718,1.1088500000000001,-0.115872,-0.0,1576595816630379915
-0.0,3.5275500000000006,0.0871,-0.0,-0.0,1576595816640425920
-0.0,0.02613,0.9045000000000001,-0.21725999999999998,-0.0,1576595816650408983
0.010452000000000001,1.860456,1.2830500000000002,0.03258899999999999,-0.0034790000000000003,1576595816660356044
-0.0,1.2594660000000002,0.6231,-0.26433299999999993,-0.0,1576595816670399904
-0.0,0.29788200000000004,0.71355,-0.36210000000000003,-0.0,1576595816680449008
-0.0,3.4491600000000004,1.2395,-0.010863,-0.0,1576595816690426111
-0.0,0.23517,1.2696500000000002,-0.14483999999999997,0.0034790000000000003,1576595816700393915
-0.0,3.0101760000000004,0.6934499999999999,-0.159324,-0.0,1576595816710418939
-0.0,1.087008,0.0603,-0.021726,-0.0,1576595816720376014
-0.0,-0.005226000000000001,0.40535,-0.210018,0.010437,1576595816730420112
-0.005226000000000001,4.504812,1.91955,-0.137598,0.0034790000000000003,1576595816740422010
-0.0,0.7473179999999999,0.27135000000000004,0.21725999999999998,-0.0,1576595816750391006
-0.0,2.8429440000000006,-0.22110000000000002,-0.047073,-0.0,1576595816760412931
-0.0,1.28037,1.9061499999999998,-0.235365,-0.0034790000000000003,1576595816770423889
-0.0,1.2124320000000002,-0.0201,-0.068799,-0.0,1576595816780395030
-0.0,2.3673780000000004,-0.1072,0.15570299999999998,0.006958000000000001,1576595816790406942
-0.0,1.1915280000000001,1.4807000000000001,-0.14846099999999998,-0.0034790000000000003,1576595816800417900
-0.0,1.818648,0.35175,-0.26795399999999997,-0.006958000000000001,1576595816810420989
-0.0,2.8429440000000006,0.59295,0.025346999999999998,-0.0,1576595816820450067
-0.0,2.8952040000000006,1.0117,0.050693999999999996,0.0034790000000000003,1576595816830389976
-0.005226000000000001,2.341248,0.6063500000000001,-0.13035599999999997,-0.0,1576595816840477943
-0.0,1.353534,0.59965,-0.246228,-0.0,1576595816850428104
-0.0,-0.015678,0.77385,-0.094146,-0.006958000000000001,1576595816860438108
-0.0,1.264692,1.3868999999999998,0.26071199999999994,-0.0,1576595816870414972
-0.0,-0.073164,0.7202500000000001,0.14121899999999998,-0.0,1576595816880455970
-0.0,0.16200600000000004,0.8408500000000001,-0.6155700000000001,-0.0,1576595816890429019
-0.0,-0.6950580000000001,1.08875,-0.550392,-0.0,1576595816900439977
-0.0,1.478958,0.81405,-0.10138799999999999,-0.010437,1576595816910420894
0.005226000000000001,-1.0190700000000001,-0.52595,0.210018,-0.0,1576595816920480966
0.005226000000000001,-0.31356,1.15575,0.5286659999999999,-0.0034790000000000003,1576595816930458068
0.005226000000000001,-0.3240120000000001,0.49245,0.481593,-0.0,1576595816940435886
-0.0,-0.19858800000000001,1.43045,0.086904,-0.0034790000000000003,1576595816950428009
-0.015678,-0.30310800000000004,0.9915999999999999,-0.44176199999999993,-0.0,1576595816960469007
-0.0,-0.250848,-0.5963,-0.20277599999999998,-0.006958000000000001,1576595816970431089
-0.0,-0.26130000000000003,-0.4824,0.6517799999999999,-0.0034790000000000003,1576595816980396032
-0.0,-0.6637020000000001,-0.20770000000000002,0.34037399999999995,-0.006958000000000001,1576595816990390062
0.005226000000000001,-0.276978,-0.04355,-0.412794,-0.0,1576595817000451087
-0.0,-0.256074,-1.04185,-0.40555199999999997,-0.0034790000000000003,1576595817010416030
-0.0,-0.5957640000000001,-1.5544000000000002,0.42727799999999994,-0.0,1576595817020401000
0.005226000000000001,-0.527826,-2.00665,0.36934199999999995,-0.0,1576595817030396938
0.005226000000000001,-0.39195,-1.7353,-0.115872,0.006958000000000001,1576595817040453910
-0.0,-0.37627200000000005,-1.8726500000000004,-0.050693999999999996,-0.0,1576595817050446033
0.005226000000000001,-0.371046,-1.6951,0.32226899999999997,-0.0,1576595817060409069
-0.0,-0.371046,-1.73195,0.778515,-0.006958000000000001,1576595817070401906
-0.0,-0.24562200000000003,-2.47565,0.44900399999999996,-0.0034790000000000003,1576595817080454111
0.010452000000000001,-0.146328,-1.0251,0.38020499999999996,-0.0,1576595817090437889
-0.0,-0.073164,-2.2177000000000002,0.420036,0.0034790000000000003,1576595817100431919
-0.0,-0.49124400000000007,-2.13395,0.5178029999999999,-0.006958000000000001,1576595817110434055
-0.005226000000000001,2.3517,-1.43045,0.557634,0.0034790000000000003,1576595817120498895
0.005226000000000001,-0.721188,-2.08705,0.44176199999999993,-0.0,1576595817130465984
0.005226000000000001,2.7854580000000007,-1.3132000000000001,0.19553399999999999,0.0034790000000000003,1576595817140443086
-0.0,-0.37627200000000005,-1.8425000000000002,0.105009,-0.0,1576595817150419950
-0.0,3.4596120000000004,-1.16245,-0.079662,-0.0034790000000000003,1576595817160482883
-0.0,-0.898872,-2.2746500000000003,0.050693999999999996,-0.0,1576595817170424938
-0.0,4.557072000000001,-1.3868999999999998,0.5721179999999999,-0.0,1576595817180414915
-0.0,-1.087008,-1.5410000000000001,0.445383,-0.006958000000000001,1576595817190440893
-0.0,2.4353160000000003,-0.09715000000000001,0.293301,-0.0034790000000000003,1576595817200504064
-0.0,2.132208,-1.3936,0.068799,-0.0,1576595817210438013
-0.0,2.0904000000000003,-0.77385,0.7024739999999999,0.0034790000000000003,1576595817220422983
-0.0,1.2019800000000003,-1.1724999999999999,0.825588,-0.0,1576595817230458021
-0.0,3.146052,-2.2043000000000004,0.5902229999999999,-0.0,1576595817240458011
-0.0,0.611442,-1.5075,0.32588999999999996,-0.0,1576595817250448942
0.005226000000000001,2.513706,-0.99495,0.03620999999999999,0.0034790000000000003,1576595817260425090
-0.0,-1.860456,-1.7554,-0.086904,-0.0034790000000000003,1576595817272974014
-0.0,1.7089020000000001,0.28140000000000004,-0.03258899999999999,-0.0,1576595817280419111
-0.005226000000000001,0.42330600000000007,-3.2495000000000003,0.6807479999999999,0.0034790000000000003,1576595817290433883
-0.0,2.1896940000000003,-1.5108500000000002,0.347616,0.010437,1576595817300411939
-0.0,3.03108,-1.41035,0.17018699999999998,-0.0,1576595817310427904
-0.005226000000000001,1.573026,-1.8291000000000002,0.050693999999999996,-0.0,1576595817320413112
0.005226000000000001,2.7854580000000007,-1.96645,0.731442,-0.0034790000000000003,1576595817330449104
-0.0,2.1217560000000004,-2.4321,0.966807,-0.006958000000000001,1576595817340400934
-0.0,2.393508,-0.9882500000000001,0.5721179999999999,-0.0,1576595817350398063
0.005226000000000001,3.146052,-1.01505,0.231744,-0.0034790000000000003,1576595817360441923
-0.005226000000000001,2.3360220000000003,-2.0234,-0.043452,0.0034790000000000003,1576595817370409011
0.005226000000000001,2.7906840000000006,-2.4823500000000003,0.003621,-0.0,1576595817380393028
-0.0,3.05721,-1.7487000000000001,0.18105000000000002,-0.0034790000000000003,1576595817390422105
-0.0,1.95975,-1.6247500000000001,0.48883499999999996,0.0034790000000000003,1576595817400412082
-0.0,2.539836,-2.3718,-0.021726,-0.0,1576595817410398006
-0.005226000000000001,1.818648,-1.9899,-0.115872,-0.0,1576595817420418024
-0.0,0.6898320000000001,-2.3349499999999996,-0.025346999999999998,-0.0,1576595817430414915
0.005226000000000001,0.5591820000000001,-2.8341000000000003,0.36934199999999995,-0.0034790000000000003,1576595817440421104
-0.0,2.053818,-1.7353,0.7567889999999998,-0.0,1576595817450411081
-0.0,4.713852000000001,-1.7185500000000002,0.420036,0.0034790000000000003,1576595817460419893
-0.005226000000000001,0.39195,-1.5142,0.043452,-0.0034790000000000003,1576595817470434904
-0.0,3.558906000000001,-1.6683,0.42727799999999994,0.006958000000000001,1576595817480458974
0.005226000000000001,2.4196380000000004,-1.4405000000000001,0.7278209999999999,0.0034790000000000003,1576595817490418910
-0.0,1.5364440000000001,-1.9262499999999998,0.5395289999999999,0.0034790000000000003,1576595817500395059
0.005226000000000001,4.9176660000000005,-2.08705,0.22088099999999997,-0.0,1576595817510415077
-0.0,0.18291000000000002,-1.37685,-0.07241999999999998,-0.0,1576595817520440101
-0.0,2.6809380000000007,-2.1105,0.173808,-0.0,1576595817530397891
-0.0,0.8048040000000001,-1.98655,0.44176199999999993,-0.0,1576595817540424108
-0.0,2.3726040000000004,-1.9497,0.4598669999999999,-0.0,1576595817550396919
-0.0,-1.087008,-1.8693000000000002,0.047073,-0.0034790000000000003,1576595817560431957
0.005226000000000001,3.391674,-0.9380000000000001,0.19553399999999999,-0.0,1576595817570429086
-0.0,3.03108,-1.9362999999999997,0.242607,-0.0034790000000000003,1576595817580389976
-0.0,1.687998,-1.9296,0.188292,-0.0,1576595817590404033
-0.005226000000000001,2.3307960000000003,-1.5744999999999998,0.152082,-0.0,1576595817600435018
-0.0,0.75777,-1.45055,0.010863,-0.006958000000000001,1576595817610404014
-0.0,1.2437880000000001,-2.36175,-0.007242,-0.006958000000000001,1576595817620398998
-0.0,1.14972,-2.0837,0.054314999999999995,0.0034790000000000003,1576595817630410909
-0.005226000000000001,3.5275500000000006,-1.63815,-0.018104999999999996,0.006958000000000001,1576595817640414953
-0.0,-0.3553680000000001,-1.6481999999999999,-0.210018,-0.0,1576595817650386095
-0.0,3.4596120000000004,-1.5142,0.105009,-0.0,1576595817660361051
-0.0,2.973594,-1.74535,0.33675299999999997,-0.0,1576595817670361042
-0.0,2.63913,-0.7370000000000001,0.477972,-0.0034790000000000003,1576595817680444955
-0.0,2.9108820000000004,-1.7185500000000002,0.18105000000000002,0.0034790000000000003,1576595817690418004
-0.0,2.174016,-1.61805,-0.210018,-0.0034790000000000003,1576595817700397968
-0.0,2.748876,-1.7386500000000003,-0.0,-0.0,1576595817710392951
-0.0,1.6932240000000003,-0.9815499999999999,0.32588999999999996,-0.0,1576595817720406055
-0.0,1.8134219999999999,-1.6314499999999998,0.115872,-0.0034790000000000003,1576595817730367898
0.005226000000000001,1.740258,-2.3952500000000003,-0.086904,-0.0034790000000000003,1576595817740376949
-0.0,2.5764180000000003,-0.804,-0.32951099999999994,-0.0,1576595817750411033
-0.0,1.4894100000000001,-1.99995,-0.19191299999999997,-0.006958000000000001,1576595817760447978
-0.005226000000000001,0.266526,-1.6683,0.238986,-0.0,1576595817770433902
-0.005226000000000001,2.3151180000000005,-1.3868999999999998,0.10862999999999999,-0.0,1576595817780385017
-0.0,0.465114,-1.5611000000000002,-0.15570299999999998,-0.0,1576595817790368080
-0.0,2.126982,-0.7303000000000001,-0.43814099999999995,-0.0,1576595817800410985
-0.0,2.163564,-0.35509999999999997,-0.242607,-0.0,1576595817810393095
-0.0,-1.938846,-2.01335,0.123114,0.0034790000000000003,1576595817820379018
-0.0,2.27331,-1.1356500000000003,0.03258899999999999,-0.0,1576595817830389976
-0.0,0.5226000000000001,-1.3299500000000002,-0.40555199999999997,-0.0034790000000000003,1576595817840466976
0.005226000000000001,-0.12019800000000001,-1.4740000000000002,-0.416415,-0.0,1576595817850415945
-0.0,-0.371046,-1.3366500000000001,-0.13035599999999997,-0.0,1576595817860445022
-0.0,3.125148,-1.6046500000000001,0.166566,-0.0034790000000000003,1576595817870433092
-0.0,-0.7473179999999999,-1.5108500000000002,0.19553399999999999,-0.0,1576595817880460977
-0.0,0.6950580000000001,-1.55775,-0.047073,0.0034790000000000003,1576595817890362977
-0.0,-0.0,-1.7018000000000002,-0.28243799999999997,0.0034790000000000003,1576595817900383949
-0.0,1.7507100000000002,-0.9313000000000001,0.03620999999999999,-0.0,1576595817910358905
-0.005226000000000001,-0.919776,-1.55775,0.27157499999999996,-0.0,1576595817920402050
-0.0,-0.40762800000000005,-2.02005,0.4019309999999999,0.0034790000000000003,1576595817930383920
-0.005226000000000001,-0.18291000000000002,-0.5695,0.14121899999999998,-0.006958000000000001,1576595817940362930
-0.0,-0.10974600000000002,-1.7922500000000001,-0.054314999999999995,-0.0,1576595817950444936
-0.0,-0.146328,-1.4673,0.119493,-0.0,1576595817960448980
-0.005226000000000001,-0.125424,-1.1926,0.333132,-0.006958000000000001,1576595817970443964
-0.0,-0.32923800000000003,-0.22445000000000004,0.13397699999999998,-0.013916000000000001,1576595817980371952
-0.0,-0.6062160000000001,-0.5761999999999999,0.083283,-0.010437,1576595817990406990
-0.0,-0.16723200000000002,-0.56615,0.123114,-0.0034790000000000003,1576595818000477075
-0.0,-0.38149800000000006,-0.54605,0.094146,0.0034790000000000003,1576595818010430097
-0.0,-0.23517,0.7839,0.20277599999999998,-0.0034790000000000003,1576595818020426034
-0.0,-0.18291000000000002,0.6365000000000001,0.278817,-0.0,1576595818030400991
0.005226000000000001,-0.10974600000000002,1.67835,0.33675299999999997,0.006958000000000001,1576595818040437936
-0.0,-0.036582,0.43885,0.412794,0.0034790000000000003,1576595818050400972
-0.0,0.073164,1.5209000000000001,0.38382599999999995,-0.0034790000000000003,1576595818060372114
-0.0,-0.909324,0.8442,0.568497,-0.006958000000000001,1576595818070399999
-0.0,-0.21949200000000005,1.0921,0.546771,-0.0,1576595818080432891
-0.005226000000000001,-0.224718,1.139,0.485214,0.0034790000000000003,1576595818090399026
-0.0,1.9283940000000002,0.09045,0.31140599999999996,-0.0,1576595818100367069
0.005226000000000001,0.6218940000000001,1.97315,0.48883499999999996,-0.0,1576595818110394954
-0.0,0.585312,0.51255,0.45624599999999993,0.0034790000000000003,1576595818120455980
-0.0,1.3587600000000002,0.8844000000000001,0.34037399999999995,0.006958000000000001,1576595818130423069
-0.005226000000000001,1.9492980000000002,1.85925,0.5141819999999999,-0.0,1576595818140413045
-0.0,2.498028,1.3969500000000001,0.30778500000000003,0.0034790000000000003,1576595818150403976
-0.0,0.9981660000000001,1.2495500000000002,-0.018104999999999996,-0.0,1576595818160419940
-0.0,3.5484540000000004,1.7420000000000002,0.278817,-0.0,1576595818170393943
-0.0,-1.6148340000000003,1.45725,0.532287,-0.0034790000000000003,1576595818180367946
-0.0,3.0101760000000004,1.4002999999999999,0.38020499999999996,-0.0,1576595818190380096
-0.005226000000000001,0.8570640000000002,1.46395,0.014484,-0.0,1576595818200449943
-0.0,2.8272660000000003,1.39025,0.249849,-0.0034790000000000003,1576595818210390090
-0.0,2.7854580000000007,1.7721500000000001,0.7495469999999999,0.0034790000000000003,1576595818220383882
-0.0,0.38149800000000006,1.40365,0.43451999999999996,-0.0,1576595818230365991
-0.0,4.25919,1.1457000000000002,0.09052500000000001,-0.0,1576595818240412950
-0.0,0.6584760000000001,1.2830500000000002,0.22088099999999997,-0.0,1576595818250412940
0.005226000000000001,3.130374,0.9313000000000001,0.5938439999999999,-0.0,1576595818260427951
-0.0,3.3550920000000004,1.1691500000000001,0.8943869999999999,-0.010437,1576595818270399093
-0.0,2.461446,1.45055,0.568497,-0.0,1576595818280463933
-0.005226000000000001,1.5573480000000002,1.3567500000000001,0.38744699999999993,-0.0,1576595818290416955
-0.010452000000000001,2.5764180000000003,1.5343,0.206397,-0.0,1576595818300429105
-0.0,1.7611620000000001,1.3969500000000001,0.8111039999999999,-0.006958000000000001,1576595818310383081
-0.0,3.281928,1.3132000000000001,0.7857569999999999,-0.010437,1576595818320410966
0.010452000000000001,2.4875760000000002,1.2127000000000001,0.365721,-0.0,1576595818330406904
-0.0,1.3169520000000001,1.50415,0.16294499999999998,-0.0,1576595818340388059
-0.0,1.3953420000000003,1.73195,0.025346999999999998,-0.0034790000000000003,1576595818350388050
-0.0,5.084898,1.2529,0.18105000000000002,-0.0034790000000000003,1576595818360419034
-0.0,1.181076,1.1088500000000001,0.050693999999999996,-0.0,1576595818370366096
-0.0,0.564408,1.5142,0.20277599999999998,-0.0,1576595818380361080
-0.005226000000000001,-0.7682220000000001,1.18255,0.235365,-0.0,1576595818390410900
-0.0,2.6652600000000004,1.0117,0.275196,-0.0034790000000000003,1576595818400412082
-0.0,0.8831940000000001,1.7420000000000002,-0.047073,-0.0034790000000000003,1576595818410424947
-0.0,0.5069220000000001,1.0988,0.047073,0.0034790000000000003,1576595818420376062
-0.0,3.24012,0.5427000000000001,0.5069400000000001,-0.0,1576595818430372953
-0.0,0.7316400000000001,1.46395,0.662643,-0.0,1576595818440439939
-0.0,-0.371046,1.5812,0.42727799999999994,-0.0,1576595818450400114
-0.0,5.821764000000001,1.0385,0.09776699999999999,-0.0,1576595818460391998
0.005226000000000001,2.3151180000000005,0.86765,0.4019309999999999,-0.0,1576595818470371007
-0.0,0.276978,1.1457000000000002,0.847314,-0.0034790000000000003,1576595818480426073
-0.005226000000000001,2.1374340000000003,1.06865,0.6771269999999999,0.0034790000000000003,1576595818490361928
-0.0,2.858622000000001,1.1323,0.094146,0.0034790000000000003,1576595818500374078
-0.0,0.6793800000000001,0.9815499999999999,-0.25347000000000003,0.0034790000000000003,1576595818510391950
-0.0,0.005226000000000001,0.77385,0.22450199999999998,0.0034790000000000003,1576595818520421981
-0.0,1.0399740000000002,1.3668,0.604707,-0.0,1576595818530380964
-0.0,1.09746,1.0318,0.37296299999999993,-0.0,1576595818540385007
-0.0,1.181076,1.09545,-0.19553399999999999,-0.006958000000000001,1576595818550369977
0.005226000000000001,1.7036760000000004,0.65995,-0.14483999999999997,-0.0,1576595818560430049
-0.0,1.0190700000000001,-0.02345,0.33675299999999997,-0.006958000000000001,1576595818570452928
-0.0,3.1356,1.3735,0.5214239999999999,-0.006958000000000001,1576595818580400943
-0.0,2.9265600000000003,0.63315,0.057936,-0.0034790000000000003,1576595818590383052
-0.0,2.4300900000000003,0.7906,-0.25347000000000003,-0.0034790000000000003,1576595818600491046
0.005226000000000001,1.14972,0.6767000000000001,-0.231744,0.006958000000000001,1576595818610450029
-0.0,3.3969000000000005,0.46230000000000004,0.33675299999999997,-0.0034790000000000003,1576595818620414018
-0.0,1.6096080000000001,1.6481999999999999,0.39468899999999996,0.006958000000000001,1576595818630419015
-0.0,1.14972,1.1993,-0.054314999999999995,-0.0,1576595818640431880
-0.0,1.6043820000000002,0.7303000000000001,-0.44176199999999993,0.0034790000000000003,1576595818650398969
-0.0,1.233336,0.9346500000000001,-0.068799,-0.0034790000000000003,1576595818660375118
-0.0,-0.24562200000000003,0.8240999999999999,0.304164,-0.0,1576595818670408010
-0.0,2.8795260000000007,0.79395,0.246228,-0.0,1576595818680438041
0.010452000000000001,1.8134219999999999,0.9915999999999999,-0.115872,-0.0034790000000000003,1576595818690366029
-0.0,0.83616,0.1675,-0.467109,-0.0,1576595818700366020
0.005226000000000001,0.224718,0.5494,-0.206397,-0.0034790000000000003,1576595818710367918
-0.0,2.4771240000000003,0.38860000000000006,-0.115872,-0.006958000000000001,1576595818720426082
-0.0,2.8324920000000007,0.1876,-0.094146,0.0034790000000000003,1576595818730381965
0.005226000000000001,0.951132,0.49245,-0.7386839999999999,-0.0,1576595818740381956
-0.0,1.562574,0.42545000000000005,-0.6228119999999999,-0.010437,1576595818750406026
-0.0,1.2594660000000002,0.0603,-0.38382599999999995,-0.0,1576595818760402917
-0.0,0.9981660000000001,0.3752,-0.188292,-0.0034790000000000003,1576595818770433902
-0.0,0.276978,1.09545,-0.238986,-0.0,1576595818780366897
-0.0,3.741816,-0.01005,-0.6191909999999999,-0.0,1576595818790352106
0.005226000000000001,-0.7368659999999999,-0.3149,-0.771273,-0.0,1576595818800371885
-0.005226000000000001,-0.501696,0.9212500000000001,-0.492456,-0.0,1576595818810436964
-0.0,0.031356,0.4589500000000001,-0.119493,-0.0034790000000000003,1576595818820386886
0.005226000000000001,0.9720360000000001,0.0402,-0.231744,-0.0,1576595818830391883
-0.0,-1.8291,-0.55275,-0.40555199999999997,-0.0,1576595818840428113
-0.0,2.2262760000000004,1.08875,-0.40555199999999997,-0.0,1576595818850411891
-0.0,-2.618226,-0.067,-0.278817,0.0034790000000000003,1576595818860367059
-0.005226000000000001,2.22105,0.46230000000000004,0.10862999999999999,0.006958000000000001,1576595818870395898
-0.0,1.3953420000000003,1.2897500000000002,-0.061557,-0.0,1576595818880422115
-0.0,0.6009900000000001,0.18425000000000002,-0.568497,-0.0034790000000000003,1576595818890439033
-0.0,0.37627200000000005,0.1005,-0.561255,-0.006958000000000001,1576595818900439977
0.005226000000000001,1.374438,0.23115000000000002,-0.445383,0.010437,1576595818910420894
-0.005226000000000001,0.8779680000000002,0.18425000000000002,-0.45262499999999994,-0.0,1576595818920420885
-0.0,0.449436,-0.09715000000000001,-0.44176199999999993,-0.0,1576595818930363893
-0.0,0.386724,0.82745,-0.37296299999999993,-0.0034790000000000003,1576595818940402984
-0.0,1.5364440000000001,-0.2412,-0.47073,-0.006958000000000001,1576595818950408935
-0.0,-0.94068,0.80065,-0.5648759999999999,-0.0,1576595818960417985
-0.010452000000000001,-0.820482,-0.9714999999999999,-0.503319,-0.0,1576595818970415115
-0.0,-1.128816,-0.68005,-0.32226899999999997,0.0034790000000000003,1576595818980396032
-0.0,-0.5226000000000001,-0.5561,-0.32588999999999996,0.006958000000000001,1576595818990408897
-0.0,-0.62712,-0.40535,-0.604707,-0.0,1576595819000427961
-0.0,-0.9668100000000001,-0.41540000000000005,-0.38020499999999996,0.006958000000000001,1576595819010405063
-0.0,-4.781790000000001,-1.6515500000000003,-0.177429,-0.0034790000000000003,1576595819020432949
-0.0,-5.994222000000001,-2.4589,-0.188292,-0.006958000000000001,1576595819030390024
-0.0,-6.464562000000001,-2.8542,-0.19191299999999997,-0.0,1576595819040384054
-0.0,-2.7593280000000004,-2.10715,0.021726,-0.006958000000000001,1576595819050367116
-0.0,-7.175298000000001,-2.36175,0.003621,-0.013916000000000001,1576595819060396909
-0.0,-4.865406000000001,-3.15235,-0.210018,-0.0,1576595819070372104
-0.0,-4.949022,-2.7168500000000004,-0.09052500000000001,0.0034790000000000003,1576595819080447912
-0.0,-8.607222,-2.3651,0.021726,0.0034790000000000003,1576595819090399980
-0.0,-7.3477559999999995,-3.3969,0.31140599999999996,-0.0,1576595819100405931
-0.0,-6.966258000000001,-2.9949000000000003,0.13397699999999998,-0.0034790000000000003,1576595819110418081
-0.005226000000000001,-6.966258000000001,-2.13395,-0.0,0.006958000000000001,1576595819120455026
-0.0,-6.4959180000000005,-2.81065,0.28967999999999994,0.006958000000000001,1576595819130409002
-0.0,-7.765836000000001,-3.3667499999999997,0.6807479999999999,-0.0,1576595819140410900
-0.0,-4.724304,-1.9061499999999998,0.485214,-0.0,1576595819150386095
-0.0,-6.3548160000000005,-2.7268999999999997,0.083283,-0.0034790000000000003,1576595819160412073
-0.0,-6.872190000000001,-3.3198499999999997,-0.13397699999999998,-0.0,1576595819170416116
-0.0,-6.030804,-2.91785,-0.38744699999999993,0.010437,1576595819180360078
0.005226000000000001,-8.6229,-3.0954,-0.17018699999999998,-0.0034790000000000003,1576595819190339088
-0.0,-6.809478,-3.2696,0.879903,0.0034790000000000003,1576595819200467109
-0.0,-6.454110000000001,-2.9547,0.9233549999999999,-0.0,1576595819210419893
0.005226000000000001,-8.743098000000002,-3.015,0.365721,-0.0,1576595819220402956
-0.0,-6.103968000000001,-1.5108500000000002,-0.003621,-0.0,1576595819230393886
0.005226000000000001,-5.644080000000001,-1.89945,-0.094146,-0.006958000000000001,1576595819240432024
-0.0,-6.0726119999999995,-3.0753000000000004,0.07241999999999998,-0.0,1576595819250422000
-0.005226000000000001,-6.239844000000001,-2.7202,0.166566,-0.0,1576595819260418891
-0.0,-7.598604000000001,-3.28635,0.210018,-0.006958000000000001,1576595819270385026
0.005226000000000001,-7.175298000000001,-1.9630999999999998,0.22088099999999997,-0.0034790000000000003,1576595819280425071
-0.0,-6.746766000000001,-2.7737999999999996,0.206397,0.0034790000000000003,1576595819290399074
-0.0,-6.06216,-3.1892000000000005,0.007242,-0.0,1576595819300416946
-0.0,-6.130098000000001,-3.1289000000000002,-0.0,-0.0034790000000000003,1576595819310400009
0.005226000000000001,-5.231226,-2.48905,0.26071199999999994,-0.0034790000000000003,1576595819320437908
-0.0,-5.612724000000001,-2.8407999999999998,0.188292,-0.0,1576595819330382108
-0.0,-5.570916000000001,-1.73195,0.249849,-0.0,1576595819340377092
-0.0,-6.083064,-1.63815,0.137598,-0.0,1576595819350347042
-0.0,-6.511596,-2.7939000000000003,0.33675299999999997,0.0034790000000000003,1576595819360429048
-0.005226000000000001,-6.124872,-1.3065000000000002,0.079662,-0.0034790000000000003,1576595819370381116
0.005226000000000001,-5.011734000000001,-2.5661000000000005,0.22450199999999998,-0.0,1576595819380374908
-0.0,-6.171906000000001,-3.4840000000000004,0.206397,-0.0,1576595819390340089
-0.0,-6.553404000000001,-2.7537,-0.0,-0.0034790000000000003,1576595819400474071
-0.0,-5.126706,-1.9899,0.293301,-0.0,1576595819410402059
0.005226000000000001,-5.27826,-1.91285,-0.003621,-0.0,1576595819420367956
-0.005226000000000001,-6.145776000000001,-3.17915,0.159324,0.006958000000000001,1576595819430402040
-0.0,-4.15467,-1.6214,0.29692199999999996,-0.0,1576595819440457105
0.005226000000000001,-4.943796,-2.16075,0.14121899999999998,-0.0034790000000000003,1576595819450411081
-0.0,-3.375996,-2.2043000000000004,0.34399499999999994,0.0034790000000000003,1576595819460407972
0.005226000000000001,-4.384614,-2.7939000000000003,0.07241999999999998,-0.0,1576595819470370054
-0.005226000000000001,-6.438432000000001,-2.5996,0.06517799999999999,-0.010437,1576595819480444908
-0.0,-4.7034,-2.4455,0.115872,0.006958000000000001,1576595819490420103
0.005226000000000001,-4.36371,-2.479,0.11225099999999999,-0.0034790000000000003,1576595819500399112
-0.0,-5.8060860000000005,-2.1473500000000003,0.18467099999999997,-0.0,1576595819510411977
-0.0,-4.452552000000001,-2.6398,0.03258899999999999,-0.0,1576595819520478963
-0.0,-4.713852000000001,-2.4723,0.26433299999999993,-0.0034790000000000003,1576595819530415058
-0.0,-5.482074,-1.7855500000000002,0.14483999999999997,-0.0,1576595819540396928
-0.0,-3.21399,-2.6130000000000004,0.235365,-0.0,1576595819550411939
-0.0,-5.0221860000000005,-2.91115,0.21725999999999998,-0.0,1576595819560439109
-0.0,-5.7120180000000005,-2.16745,0.07241999999999998,-0.0,1576595819570389032
-0.0,-3.9090480000000003,-2.47565,0.13035599999999997,-0.0,1576595819580429077
-0.0,-5.649306000000001,-2.2579000000000002,-0.025346999999999998,0.0034790000000000003,1576595819590361118
-0.0,-5.487300000000001,-0.73365,0.33675299999999997,-0.0,1576595819600414037
-0.0,-5.398458,-2.85755,0.083283,0.0034790000000000003,1576595819610399961
-0.0,-4.395066,-0.7872499999999999,0.210018,-0.0,1576595819620383977
-0.0,-3.820206,-0.9782000000000001,0.043452,-0.0,1576595819630384922
-0.005226000000000001,-4.504812,-1.08875,0.010863,-0.0,1576595819640445947
-0.0,-4.849728000000001,-1.1490500000000001,0.19553399999999999,-0.0,1576595819650393962
-0.005226000000000001,-4.588428,-1.206,-0.0,-0.010437,1576595819660420894
-0.0,-2.27331,-1.3601,0.32588999999999996,-0.006958000000000001,1576595819670428991
-0.0,-3.8567880000000003,-1.20265,-0.003621,0.0034790000000000003,1576595819680447101
-0.0,-4.656366000000001,-1.37015,0.09052500000000001,0.0034790000000000003,1576595819690422058
-0.0,-2.8272660000000003,-0.0201,0.003621,-0.0,1576595819700409889
-0.0,-5.205096,0.23115000000000002,-0.018104999999999996,-0.0,1576595819710386037
-0.005226000000000001,-3.8254320000000006,0.2412,0.28243799999999997,0.006958000000000001,1576595819720455884
0.005226000000000001,-1.991106,0.49915000000000004,-0.003621,-0.0,1576595819730449914
-0.0,-4.510038000000001,0.0938,0.079662,-0.006958000000000001,1576595819740410089
-0.005226000000000001,-4.41597,1.05525,0.188292,-0.0,1576595819750389099
0.005226000000000001,-3.9142740000000007,0.43550000000000005,-0.07241999999999998,-0.0,1576595819760391950
-0.0,-3.3864480000000006,0.39865000000000006,0.10862999999999999,-0.0,1576595819770442008
-0.0,-5.361876000000001,1.3567500000000001,0.18467099999999997,-0.0,1576595819780416011
-0.0,-3.3707700000000003,0.1608,-0.050693999999999996,-0.0,1576595819790419101
-0.0,-4.692948,0.26465,0.018104999999999996,-0.0034790000000000003,1576595819800401926
-0.0,-3.00495,0.43215000000000003,0.173808,0.0034790000000000003,1576595819810369968
-0.0,-3.6268439999999997,0.5862499999999999,0.003621,-0.0034790000000000003,1576595819820405006
-0.0,-7.781514000000001,0.09045,-0.07241999999999998,-0.0,1576595819830394983
-0.0,-1.369212,1.1222500000000002,0.050693999999999996,-0.0034790000000000003,1576595819840456962
-0.010452000000000001,-3.8829180000000005,-0.1005,0.079662,-0.0,1576595819850404977
0.005226000000000001,-5.048316000000001,0.86765,-0.018104999999999996,0.0034790000000000003,1576595819860385894
-0.0,-2.56074,0.7504,0.13035599999999997,-0.0,1576595819870424985
-0.0,-6.2032620000000005,0.7705000000000001,-0.0,0.0034790000000000003,1576595819880467891
-0.0,-2.7645540000000004,-0.11725000000000001,-0.0,-0.006958000000000001,1576595819890424966
-0.0,-5.482074,0.7236,-0.086904,-0.0,1576595819900386095
-0.0,-5.581368000000001,1.45725,0.354858,0.010437,1576595819910413026
-0.005226000000000001,-3.093792,-0.5862499999999999,0.44900399999999996,-0.0034790000000000003,1576595819920422077
0.010452000000000001,-4.865406000000001,0.6934499999999999,-0.007242,-0.0,1576595819930392026
0.005226000000000001,-4.7190780000000006,1.206,-0.7350629999999999,-0.0,1576595819940407991
-0.0,-3.7574940000000003,1.0117,-0.7604099999999999,-0.0,1576595819950360059
-0.0,-0.6009900000000001,-0.4589500000000001,-0.238986,-0.0034790000000000003,1576595819960414886
-0.0,-5.330520000000001,-0.51255,0.430899,0.0034790000000000003,1576595819970336914
-0.0,-0.8413860000000002,0.13735,0.246228,-0.0034790000000000003,1576595819980391025
-0.0,-1.3953420000000003,-0.5393500000000001,-0.47073,-0.0,1576595819990410089
-0.005226000000000001,-1.7820660000000004,-0.32830000000000004,-0.376584,-0.0,1576595820000464916
-0.0,-1.6461900000000003,-0.33835000000000004,0.09776699999999999,-0.006958000000000001,1576595820010364055
0.005226000000000001,1.9754280000000002,-0.51255,0.29692199999999996,0.006958000000000001,1576595820020373106
-0.0,-0.7943520000000001,-1.7956000000000003,-0.235365,0.010437,1576595820030391931
-0.0,2.9788200000000002,-2.2344500000000003,-0.5902229999999999,-0.0,1576595820040406942
-0.0,0.057486,-2.20095,-0.33675299999999997,-0.0034790000000000003,1576595820050369977
-0.0,2.686164,-1.9463499999999998,-0.238986,-0.0,1576595820060368061
-0.0,-0.067938,-1.7386500000000003,-0.582981,-0.0,1576595820070348024
-0.0,2.618226,-2.3316,-0.604707,-0.0,1576595820080434083
-0.0,0.930228,-2.5929,-0.637296,-0.0034790000000000003,1576595820090472936
-0.0,2.984046,-1.57785,-0.6771269999999999,-0.0034790000000000003,1576595820100394964
0.005226000000000001,3.151278,-2.1507,-0.554013,-0.0,1576595820110433101
-0.0,1.4319240000000002,-3.0083,-0.597465,-0.0,1576595820120441913
-0.0,2.4771240000000003,-2.32825,-0.246228,0.0034790000000000003,1576595820130417108
-0.0,1.5050880000000002,-2.9681,-0.38382599999999995,-0.0,1576595820140399932
-0.0,0.16723200000000002,-2.5594,-0.40555199999999997,-0.0,1576595820150424003
-0.0,2.942238,-2.9145,-0.6879899999999999,-0.0,1576595820160439014
0.005226000000000001,-0.09929400000000001,-2.76375,-0.5286659999999999,-0.0,1576595820170425891
-0.0,2.0694960000000004,-2.36175,-0.561255,0.0034790000000000003,1576595820180397987
-0.0,1.269918,-2.54265,-0.5286659999999999,-0.0,1576595820190351963
-0.0,1.6148340000000003,-2.5393000000000003,-0.19553399999999999,-0.0034790000000000003,1576595820200423002
-0.0,3.496194000000001,-2.5091500000000004,-0.188292,0.006958000000000001,1576595820210355043
-0.0,0.036582,-2.2914000000000003,-0.698853,0.0034790000000000003,1576595820220413923
0.005226000000000001,1.886586,-2.6465,-0.5105609999999999,-0.0,1576595820230400085
-0.0,4.05015,-2.8609,-0.36210000000000003,-0.0,1576595820240427970
-0.0,0.6584760000000001,-3.01165,-0.5069400000000001,-0.0034790000000000003,1576595820250380992
-0.0,1.7507100000000002,-2.5962500000000004,-0.492456,-0.0,1576595820260365009
-0.0,3.3603180000000004,-2.5125,-0.5902229999999999,-0.0,1576595820270365953
-0.005226000000000001,1.870908,-2.41535,-0.347616,-0.0034790000000000003,1576595820280456066
-0.0,1.3169520000000001,-2.62975,-0.5395289999999999,-0.0,1576595820290391921
-0.0,4.196478000000001,-2.12055,-0.6409169999999998,-0.0,1576595820300357103
-0.0,1.860456,-2.4388,-0.25709099999999996,-0.0,1576595820310364007
-0.0,2.769780000000001,-2.38185,-0.586602,0.0034790000000000003,1576595820320450067
-0.0,0.538278,-2.81065,-0.5793599999999999,-0.0,1576595820330416917
-0.0,5.241678,-2.0033,-0.19915499999999997,0.0034790000000000003,1576595820340382099
-0.0,-0.18291000000000002,-2.75705,-0.485214,-0.010437,1576595820350406885
-0.0,-0.17245800000000003,-2.1976,-0.499698,0.010437,1576595820360415935
-0.0,6.621341999999999,-2.30815,-0.076041,-0.0,1576595820370390892
-0.0,0.146328,-2.40865,-0.6264329999999999,-0.0034790000000000003,1576595820380374908
-0.0,1.4737319999999998,-2.37515,-0.304164,-0.013916000000000001,1576595820390403032
0.005226000000000001,3.496194000000001,-1.9262499999999998,-0.14483999999999997,-0.0,1576595820400401115
-0.005226000000000001,0.010452000000000001,-2.2378,-0.575739,-0.0,1576595820410398006
-0.005226000000000001,1.478958,-2.5125,-0.238986,-0.0034790000000000003,1576595820420361995
-0.0,2.7906840000000006,-2.3986,-0.278817,-0.0,1576595820430358886
-0.005226000000000001,0.15678,-2.26795,-0.43814099999999995,-0.0,1576595820440404891
-0.0,1.88136,-2.2746500000000003,-0.25347000000000003,-0.0,1576595820450404882
-0.0,1.7245800000000002,-2.09375,-0.36210000000000003,0.0034790000000000003,1576595820460382938
-0.0,1.88136,-1.8860499999999998,-0.18467099999999997,-0.0,1576595820470380067
0.005226000000000001,1.4580540000000002,-2.20095,-0.14483999999999997,0.010437,1576595820480423927
-0.0,2.5764180000000003,-2.0636,-0.557634,-0.0,1576595820490395069
-0.0,2.205372,-2.144,-0.14483999999999997,-0.0034790000000000003,1576595820500370979
-0.0,1.3378560000000002,-1.7152,-0.25709099999999996,-0.0,1576595820510386943
-0.0,4.635462,-1.5644500000000001,-0.16294499999999998,-0.0034790000000000003,1576595820520421028
-0.0,0.616668,-1.6549,-0.31502699999999995,-0.0,1576595820530421018
-0.0,2.3778300000000003,-2.18085,-0.304164,-0.010437,1576595820540359973
-0.005226000000000001,1.8291,-1.5812,-0.0,0.0034790000000000003,1576595820550390958
-0.005226000000000001,2.200146,-1.6214,-0.365721,-0.0034790000000000003,1576595820560431003
-0.0,1.9649760000000003,-2.72355,-0.0,-0.0,1576595820570420026
-0.0,0.24562200000000003,-1.8123500000000001,-0.210018,-0.0,1576595820580425024
-0.005226000000000001,0.54873,-2.06695,-0.333132,-0.0,1576595820590359926
-0.0,0.10974600000000002,-1.1523999999999999,-0.050693999999999996,-0.0,1576595820600410938
-0.0,4.2853200000000005,-2.17415,-0.28967999999999994,-0.006958000000000001,1576595820610409021
-0.0,-1.7716140000000005,-1.6481999999999999,-0.047073,0.013916000000000001,1576595820620393991
-0.0,3.8724660000000006,-1.1591,-0.137598,-0.0,1576595820630418062
-0.0,1.8343260000000001,-1.3735,-0.14121899999999998,-0.006958000000000001,1576595820640476942
-0.0,3.1408260000000006,-1.04185,0.03258899999999999,-0.0,1576595820650422096
-0.0,2.6286780000000003,-2.01,-0.137598,0.0034790000000000003,1576595820660407066
-0.0,-0.825708,-1.5611000000000002,-0.09776699999999999,-0.006958000000000001,1576595820670428037
-0.0,0.16200600000000004,-1.7755000000000003,0.15570299999999998,-0.0,1576595820680517911
0.015678,3.3341880000000006,-1.7621,-0.249849,-0.0034790000000000003,1576595820690433025
-0.0,-0.05226,-1.41035,-0.177429,-0.017395,1576595820700333118
-0.0,1.6461900000000003,-1.3333000000000002,0.028968,-0.0,1576595820710398912
-0.0,5.299164,-2.2244,-0.235365,-0.0,1576595820720483064
-0.0,0.21426600000000004,-0.63315,0.014484,-0.0,1576595820730437040
-0.005226000000000001,0.7368659999999999,-0.86765,-0.0,-0.0,1576595820740453958
-0.005226000000000001,3.5118720000000008,-1.8559000000000003,-0.18467099999999997,-0.0,1576595820750360012
-0.0,1.1444940000000001,-1.7487000000000001,-0.105009,-0.0,1576595820760406970
-0.0,0.533052,-0.8911,0.105009,0.006958000000000001,1576595820770389080
0.005226000000000001,2.8429440000000006,-0.86765,-0.18467099999999997,-0.0034790000000000003,1576595820780396938
-0.0,-0.17245800000000003,-2.3349499999999996,-0.061557,-0.0,1576595820790397882
-0.0,3.5014200000000004,-1.0921,0.13035599999999997,-0.0,1576595820800404071
-0.0,-1.9492980000000002,0.1809,0.014484,-0.0,1576595820810421943
-0.0,3.741816,-1.2462,-0.278817,-0.0,1576595820820450067
-0.0,3.2087640000000004,-1.0117,-0.054314999999999995,0.0034790000000000003,1576595820830363035
0.005226000000000001,0.005226000000000001,-0.9882500000000001,0.16294499999999998,-0.0,1576595820840440988
-0.005226000000000001,2.8952040000000006,-1.6884,0.057936,-0.0,1576595820850405931
-0.0,0.57486,-2.479,-0.025346999999999998,-0.0034790000000000003,1576595820860388040
-0.0,3.093792,-0.5728500000000001,-0.210018,-0.006958000000000001,1576595820870389938
-0.0,1.7716140000000005,-1.4338,0.26795399999999997,0.010437,1576595820880446910
-0.0,0.5069220000000001,-1.072,0.094146,-0.0,1576595820890434026
-0.0,2.466672,-1.27635,-0.47435099999999997,-0.0,1576595820900401115
0.005226000000000001,2.48235,-1.43715,-0.26795399999999997,0.0034790000000000003,1576595820910446882
-0.0,1.066104,-1.04185,0.007242,-0.0,1576595820920371055
-0.0,2.111304,-2.04685,0.575739,0.0034790000000000003,1576595820930403947
-0.0,1.6984500000000002,-0.9849,0.26795399999999997,-0.0,1576595820940450906
-0.0,-0.250848,-0.03015,-0.007242,-0.006958000000000001,1576595820950395107
-0.0,4.123314000000001,-0.15410000000000001,-0.5250449999999999,-0.0,1576595820960443973
-0.0,-1.599156,-0.4221,-0.4598669999999999,-0.0,1576595820970410108
-0.0,-0.49124400000000007,-0.33835000000000004,0.376584,-0.0,1576595820980426073
-0.0,-0.83616,-0.79395,0.5141819999999999,-0.006958000000000001,1576595820990400075
-0.0,-0.449436,-0.48574999999999996,-0.043452,-0.0,1576595821000473022
0.005226000000000001,-0.114972,-0.5326500000000001,-0.38382599999999995,-0.0,1576595821010437965
-0.005226000000000001,-1.8918120000000003,-0.5326500000000001,0.003621,0.006958000000000001,1576595821020433902
-0.0,-2.884752,-0.49915000000000004,0.37296299999999993,-0.0034790000000000003,1576595821030422925
-0.0,-6.124872,-0.1675,0.409173,-0.0034790000000000003,1576595821040419101
-0.0,-1.970202,-0.3819,0.21725999999999998,-0.0,1576595821050453901
-0.0,-3.9299520000000006,1.0184,0.054314999999999995,-0.0,1576595821060374975
-0.0,-4.36371,-0.5326500000000001,0.492456,-0.0,1576595821070362091
-0.0,-4.421196,1.1256000000000002,0.684369,-0.0,1576595821080463886
-0.0,-4.59888,-0.5829,0.800241,-0.010437,1576595821090368986
-0.0,-2.3673780000000004,1.0586,0.753168,-0.0,1576595821100385904
-0.0,-6.563856,-0.18425000000000002,0.499698,-0.006958000000000001,1576595821110373020
-0.0,-1.3326300000000002,0.10385000000000001,0.416415,-0.0,1576595821120413064
-0.0,-6.130098000000001,0.7872499999999999,0.235365,-0.0,1576595821130408048
-0.0,-0.5069220000000001,-0.15745,0.318648,-0.0,1576595821140373945
-0.0,-3.9090480000000003,-0.0871,0.37296299999999993,-0.0,1576595821150386095
-0.0,-5.184192000000001,-0.15410000000000001,0.7459259999999999,-0.0,1576595821160414934
-0.010452000000000001,-2.6966160000000006,-1.7822,0.5721179999999999,-0.0,1576595821170406103
0.005226000000000001,-3.281928,-1.9765000000000001,0.575739,-0.0034790000000000003,1576595821180409908
0.005226000000000001,-3.4857420000000006,-2.1105,0.19553399999999999,-0.0,1576595821190396070
-0.0,-5.105802000000001,-1.7420000000000002,0.45624599999999993,-0.0,1576595821200479030
-0.0,-1.6043820000000002,-1.206,0.496077,-0.0,1576595821210406064
-0.005226000000000001,-5.476848,-2.3014500000000004,0.376584,-0.0,1576595821220401048
-0.0,-2.3307960000000003,-0.63985,0.416415,0.006958000000000001,1576595821230397939
-0.0,-3.8411100000000005,-2.3584,0.611949,0.0034790000000000003,1576595821240443944
-0.0,-4.41597,-2.2378,0.44176199999999993,-0.0,1576595821250459909
-0.0,-1.222884,-1.3801999999999999,0.27157499999999996,0.0034790000000000003,1576595821260401010
0.005226000000000001,-4.771338,-1.9296,0.5105609999999999,-0.006958000000000001,1576595821270409107
-0.0,-4.348032,-2.4488499999999997,0.423657,-0.0,1576595821280375003
0.010452000000000001,-3.6059400000000004,-1.5175500000000002,0.34037399999999995,-0.0,1576595821290438890
-0.0,-4.186026000000001,-0.5896,0.601086,-0.0,1576595821300381898
-0.0,-2.550288,-1.7721500000000001,0.33675299999999997,-0.0,1576595821310405969
-0.0,-3.2087640000000004,-1.1859,0.412794,0.0034790000000000003,1576595821320441007
-0.005226000000000001,-2.8743000000000007,-1.43045,0.39468899999999996,-0.0,1576595821330425977
-0.0,-5.293938,-1.3065000000000002,0.31502699999999995,0.0034790000000000003,1576595821340419054
-0.0,-0.527826,-0.43215000000000003,0.44900399999999996,-0.0034790000000000003,1576595821350383043
-0.0,-5.367102,-1.6850500000000002,0.36934199999999995,-0.0034790000000000003,1576595821360426902
-0.0,-4.980378000000001,-1.4338,0.26433299999999993,-0.0034790000000000003,1576595821370421886
-0.0,-0.6689280000000001,-2.3952500000000003,0.582981,-0.0,1576595821380422115
-0.0,-5.2678080000000005,-1.37015,0.26433299999999993,0.0034790000000000003,1576595821390418052
-0.0,-2.7018420000000005,-1.6113499999999998,0.39106799999999997,0.006958000000000001,1576595821400408029
-0.0,-3.5275500000000006,-1.3634499999999998,0.5359079999999999,-0.0034790000000000003,1576595821410392045
-0.0,-3.34464,-1.8827000000000003,0.554013,-0.0,1576595821420413017
0.005226000000000001,-3.8149800000000003,-1.1658,0.354858,0.0034790000000000003,1576595821430425882
-0.0,-3.2035380000000004,-2.03345,0.423657,-0.0034790000000000003,1576595821440424919
-0.0,-2.539836,-1.7085000000000004,0.365721,-0.006958000000000001,1576595821450412034
-0.0,-3.03108,-1.5175500000000002,0.13035599999999997,-0.0,1576595821460408926
0.005226000000000001,-5.555238000000001,-2.02675,0.5105609999999999,-0.0034790000000000003,1576595821470400094
-0.005226000000000001,-2.9631420000000004,-1.7788500000000003,0.18105000000000002,0.013916000000000001,1576595821480433940
-0.0,-4.076280000000001,-1.8023,0.5721179999999999,-0.0,1576595821490411043
-0.0,-2.6966160000000006,-1.1256000000000002,0.210018,-0.0,1576595821500370025
-0.005226000000000001,-3.9195,-1.5209000000000001,0.31502699999999995,-0.0,1576595821510406017
-0.0,-3.3864480000000006,-1.1523999999999999,0.25709099999999996,0.0034790000000000003,1576595821520422935
0.005226000000000001,-1.0190700000000001,-1.41035,0.47435099999999997,-0.0,1576595821530427932
-0.0,-3.3864480000000006,-1.91955,0.37296299999999993,-0.0,1576595821540400028
-0.0,-4.687722000000001,-1.67165,0.22450199999999998,0.0034790000000000003,1576595821550410032
-0.010452000000000001,-1.4266980000000002,-1.5744999999999998,0.47435099999999997,-0.0,1576595821560437917
-0.0,-3.652974,-1.3333000000000002,0.086904,-0.0,1576595821570384025
0.005226000000000001,-2.8220400000000003,-0.82075,0.575739,0.0034790000000000003,1576595821580405950
-0.005226000000000001,-3.7522680000000004,-0.9681499999999998,0.467109,0.0034790000000000003,1576595821590380907
-0.0,-3.407352000000001,-1.20935,0.40555199999999997,-0.010437,1576595821600408077
-0.0,-3.2923800000000005,-2.04685,0.14846099999999998,-0.0,1576595821610466003
-0.0,-4.5779760000000005,-1.30315,0.26795399999999997,-0.0,1576595821620429992
-0.0,-5.93151,-1.1691500000000001,0.358479,0.0034790000000000003,1576595821630387067
-0.0,0.125424,-0.2948,0.238986,0.0034790000000000003,1576595821640460014
-0.005226000000000001,-4.38984,-1.0988,0.430899,-0.0034790000000000003,1576595821650427103
-0.0,-4.410744,-1.5477,0.16294499999999998,-0.0,1576595821660402059
-0.0,-4.253964,-1.00835,0.19915499999999997,-0.0,1576595821670352935
-0.0,-3.5223240000000002,-1.4874,0.38020499999999996,0.006958000000000001,1576595821680417060
-0.0,-4.651140000000001,-1.21605,0.15570299999999998,-0.0,1576595821690432071
-0.0,-1.562574,-0.7437,0.36934199999999995,-0.0,1576595821700381040
-0.0,-3.5118720000000008,-0.3819,0.477972,0.0034790000000000003,1576595821710402011
-0.0,-3.5014200000000004,-1.4807000000000001,0.333132,-0.0,1576595821720412969
-0.0,-3.2035380000000004,-1.2897500000000002,0.25709099999999996,-0.0,1576595821730403900
-0.0,-3.198312,-0.8609500000000001,0.409173,0.0034790000000000003,1576595821740398883
-0.0,0.047034000000000006,-1.1222500000000002,0.42727799999999994,-0.0,1576595821750365972
-0.0,-3.0101760000000004,-0.95475,0.34399499999999994,-0.0,1576595821760443925
-0.0,0.146328,-0.61975,0.30778500000000003,-0.010437,1576595821770412921
-0.0,-1.7507100000000002,-1.5175500000000002,0.36934199999999995,-0.0,1576595821780389070
-0.0,-2.498028,-1.30985,0.19191299999999997,-0.0,1576595821790393114
-0.005226000000000001,-0.13065000000000002,-0.9815499999999999,0.31140599999999996,0.010437,1576595821800426006
-0.005226000000000001,-3.924726,-1.2529,0.19191299999999997,-0.0034790000000000003,1576595821810398101
-0.0,0.010452000000000001,-0.3015,0.26071199999999994,-0.0034790000000000003,1576595821820386886
-0.0,-4.2853200000000005,-0.7202500000000001,0.249849,0.0034790000000000003,1576595821830409049
-0.005226000000000001,-0.17245800000000003,-0.5829,0.45624599999999993,-0.0,1576595821840461969
-0.0,-0.637572,-0.9446999999999999,0.159324,0.0034790000000000003,1576595821850368022
-0.005226000000000001,-0.7473179999999999,-1.6951,-0.0,-0.0,1576595821860409021
-0.0,-0.24562200000000003,-0.268,0.068799,-0.0,1576595821870394945
-0.0,-0.7943520000000001,-0.2546,0.716958,0.0034790000000000003,1576595821880475997
-0.0,-1.102686,-1.46395,0.8654189999999998,-0.0034790000000000003,1576595821890397071
0.010452000000000001,-1.2176580000000001,0.48910000000000003,0.554013,-0.0,1576595821900360107
-0.0,-0.7525440000000001,-1.22945,0.231744,-0.0,1576595821910423040
-0.0,-0.9615840000000001,-0.5829,-0.21363899999999997,0.0034790000000000003,1576595821920458078
-0.0,-1.0347480000000002,-1.407,-0.19915499999999997,-0.0,1576595821930449008
-0.0,-1.0452000000000001,-1.6448500000000001,0.123114,-0.0034790000000000003,1576595821940428018
-0.0,-0.8831940000000001,-0.38860000000000006,0.5286659999999999,0.0034790000000000003,1576595821950412034
-0.0,-0.9040980000000001,-1.5477,0.445383,-0.0034790000000000003,1576595821960458040
-0.0,-0.32923800000000003,-0.02345,-0.047073,-0.0,1576595821970431089
-0.0,-0.8779680000000002,0.1742,-0.18467099999999997,-0.0,1576595821980415105
-0.0,-0.24562200000000003,-0.97485,0.19191299999999997,-0.006958000000000001,1576595821990370035
-0.0,-0.7107360000000001,-0.134,0.608328,-0.0034790000000000003,1576595822000473022
-0.005226000000000001,-0.799578,-0.19765,0.07241999999999998,-0.0,1576595822010387897
-0.0,-0.8413860000000002,1.0854000000000001,-0.054314999999999995,-0.0,1576595822020404100
-0.0,-0.935454,0.8375,-0.094146,-0.0,1576595822030401945
-0.0,-0.9040980000000001,1.55105,0.238986,-0.0,1576595822040472030
-0.0,-0.33969000000000005,1.00835,-0.07241999999999998,-0.0,1576595822050403118
-0.0,-0.590538,1.32325,-0.496077,-0.0,1576595822060403108
-0.0,-0.256074,1.5812,-0.39468899999999996,-0.0,1576595822070415973
-0.0,-0.632346,0.8240999999999999,-0.09052500000000001,-0.0034790000000000003,1576595822080415964
-0.0,-2.545062,1.8726500000000004,0.06517799999999999,0.0034790000000000003,1576595822090373039
-0.0,0.062712,1.23615,-0.26071199999999994,0.0034790000000000003,1576595822100387096
-0.0,-4.677270000000001,1.8626000000000003,-0.5286659999999999,-0.0,1576595822110397100
-0.0,0.412854,1.407,-0.412794,0.0034790000000000003,1576595822120466947
-0.0,-1.5364440000000001,1.2864,-0.09776699999999999,-0.0,1576595822130392074
-0.0,0.17245800000000003,1.3500500000000002,0.054314999999999995,-0.0,1576595822140431880
-0.0,-5.152836000000001,1.2261000000000002,0.26071199999999994,-0.0,1576595822150389909
-0.0,-2.01201,1.8358000000000003,0.021726,-0.0034790000000000003,1576595822160419940
-0.0,-4.7765640000000005,1.0452000000000001,-0.608328,-0.0,1576595822170392990
0.005226000000000001,0.318786,1.03515,-0.32588999999999996,0.0034790000000000003,1576595822180387020
-0.0,-5.4663960000000005,2.68,0.054314999999999995,-0.0034790000000000003,1576595822190371036
-0.0,-3.1199220000000003,0.9882500000000001,0.40555199999999997,-0.0034790000000000003,1576595822200463056
-0.005226000000000001,-3.4230300000000007,0.8877500000000002,-0.014484,-0.0,1576595822210397005
-0.005226000000000001,-3.5693580000000003,2.0904000000000003,-0.778515,0.010437,1576595822220408916
0.005226000000000001,-2.3307960000000003,1.65825,-0.601086,-0.0,1576595822230398893
-0.0,-3.778398,1.5175500000000002,-0.25347000000000003,-0.0,1576595822240447044
-0.0,-4.99083,1.8425000000000002,0.003621,-0.010437,1576595822250444889
0.005226000000000001,-4.996056,1.6951,0.29692199999999996,-0.006958000000000001,1576595822260432958
-0.0,-2.9161080000000004,1.05525,0.18105000000000002,-0.0034790000000000003,1576595822270391941
-0.0,-3.6738779999999998,1.407,-0.21725999999999998,-0.0,1576595822280487060
-0.0,-3.391674,1.75205,-0.238986,-0.0,1576595822290442943
-0.0,-2.445768,1.7219000000000002,-0.014484,0.0034790000000000003,1576595822300435066
-0.0,-3.78885,2.2277500000000003,-0.039831,0.0034790000000000003,1576595822310408115
0.005226000000000001,-3.078114,1.8793500000000005,-0.14846099999999998,-0.0,1576595822320432901
0.005226000000000001,-4.9176660000000005,2.01335,-0.5069400000000001,-0.0,1576595822330421924
0.010452000000000001,-0.564408,1.55105,-0.31502699999999995,-0.0,1576595822340413093
-0.0,-5.753826,1.40365,-0.0,-0.0,1576595822350431919
-0.005226000000000001,-3.0990180000000005,1.5946000000000002,0.173808,-0.006958000000000001,1576595822360416889
-0.0,-4.4421,1.8358000000000003,0.083283,-0.0,1576595822370410919
-0.0,-2.769780000000001,1.5108500000000002,-0.21725999999999998,-0.0,1576595822380386114
-0.0,-4.405518000000001,1.6951,-0.14483999999999997,0.0034790000000000003,1576595822390324115
-0.005226000000000001,-3.407352000000001,1.6046500000000001,0.050693999999999996,-0.0,1576595822400433063
-0.0,-1.7716140000000005,1.30985,0.061557,0.0034790000000000003,1576595822410398006
-0.0,-2.5764180000000003,1.9932499999999997,-0.430899,-0.0,1576595822420367956
0.005226000000000001,-1.6252860000000002,1.2328000000000001,-0.44900399999999996,-0.0,1576595822430418014
-0.0,-1.573026,1.6448500000000001,-0.15570299999999998,-0.0034790000000000003,1576595822440418004
-0.0,-4.797468,0.9782000000000001,-0.025346999999999998,-0.0,1576595822450354099
0.005226000000000001,-1.5364440000000001,1.7420000000000002,0.18105000000000002,-0.0034790000000000003,1576595822460366010
-0.0,-2.8481700000000005,1.7922500000000001,0.018104999999999996,-0.0,1576595822470391988
0.005226000000000001,-4.076280000000001,0.9279500000000002,-0.365721,-0.0,1576595822480421066
-0.0,-1.7454840000000003,1.7085000000000004,-0.188292,0.0034790000000000003,1576595822490406036
0.005226000000000001,-3.4178040000000003,1.4539000000000002,0.32226899999999997,-0.0,1576595822500453948
-0.0,-2.174016,1.8291000000000002,0.28605899999999995,0.0034790000000000003,1576595822510409116
-0.0,-3.1774080000000002,1.3199,-0.018104999999999996,-0.0034790000000000003,1576595822520417928
-0.0,-3.6268439999999997,1.1055,-0.503319,-0.0,1576595822530416011
0.005226000000000001,-0.9668100000000001,2.37515,-0.420036,0.0034790000000000003,1576595822540369987
-0.0,-4.635462,0.8609500000000001,-0.054314999999999995,0.006958000000000001,1576595822550347089
-0.0,-2.200146,1.675,0.18105000000000002,0.0034790000000000003,1576595822560447931
-0.0,-2.9056560000000005,2.0033,-0.13035599999999997,-0.0,1576595822570410013
-0.0,-0.8779680000000002,0.8710000000000001,-0.731442,0.0034790000000000003,1576595822580394029
0.005226000000000001,-3.5745840000000006,1.30985,-0.38382599999999995,0.0034790000000000003,1576595822590368032
-0.005226000000000001,-4.9176660000000005,1.89275,0.054314999999999995,0.0034790000000000003,1576595822600411891
-0.0,-2.3151180000000005,0.90115,0.39106799999999997,-0.0034790000000000003,1576595822610357046
-0.005226000000000001,-3.6477480000000004,1.55775,0.09776699999999999,-0.0,1576595822620359897
-0.0,-2.27331,1.63815,-0.18105000000000002,-0.0,1576595822630371093
-0.0,-0.925002,1.4002999999999999,-0.376584,-0.0,1576595822640458106
-0.0,-4.724304,1.8358000000000003,0.09052500000000001,0.010437,1576595822650387048
-0.0,-0.224718,1.34,0.25347000000000003,-0.0,1576595822660396099
-0.0,-4.008342000000001,2.2244,0.38020499999999996,-0.0,1576595822670367002
-0.0,-0.5696340000000001,1.3567500000000001,0.13397699999999998,0.006958000000000001,1576595822680476903
-0.0,0.114972,1.5812,-0.4019309999999999,0.0034790000000000003,1576595822690399885
0.005226000000000001,-4.186026000000001,2.2378,0.068799,-0.0,1576595822700392007
-0.0,0.256074,-0.03685,0.604707,-0.0,1576595822710336923
-0.005226000000000001,-1.7716140000000005,0.36850000000000005,0.047073,0.006958000000000001,1576595822720366954
-0.0,0.15678,0.8509000000000001,-0.238986,-0.006958000000000001,1576595822730444908
0.005226000000000001,-0.6218940000000001,0.5293,-0.28967999999999994,-0.006958000000000001,1576595822740372896
-0.0,-0.9720360000000001,0.43550000000000005,0.16294499999999998,0.006958000000000001,1576595822750399112
0.005226000000000001,-1.055652,0.6834,0.09052500000000001,-0.0034790000000000003,1576595822760457038
-0.0,-0.8518380000000002,0.7236,-0.188292,-0.0,1576595822770349025
-0.0,-0.7368659999999999,0.5862499999999999,-0.467109,-0.0,1576595822780342102
-0.0,2.3726040000000004,-0.6968,-0.137598,-0.0,1576595822790349960
-0.0,-0.75777,0.5025,0.238986,-0.0,1576595822800461053
-0.0,3.1356,-1.22945,-0.014484,-0.0,1576595822810389041
-0.0,-0.9981660000000001,-0.8710000000000001,-0.206397,-0.0,1576595822820413112
-0.0,4.321902000000001,-0.7604500000000001,-0.39106799999999997,-0.0,1576595822830424070
-0.0,-0.951132,-1.2596,-0.014484,-0.010437,1576595822840429067
-0.0,4.525716,-0.81405,0.115872,-0.0,1576595822850410938
-0.0,0.193362,-0.9514,-0.039831,-0.0,1576595822860409975
-0.0,2.5659660000000004,-1.2663,-0.25347000000000003,-0.0,1576595822870383024
-0.005226000000000001,0.9615840000000001,-1.47065,-0.354858,-0.006958000000000001,1576595822880443096
-0.0,2.1792420000000003,-0.7571,0.068799,0.0034790000000000003,1576595822890444040
-0.0,2.45622,-0.6733500000000001,-0.003621,-0.013916000000000001,1576595822900418043
-0.0,1.3848900000000004,-1.1724999999999999,-0.30778500000000003,-0.0,1576595822910401105
-0.0,0.6009900000000001,-0.7370000000000001,-0.38744699999999993,-0.0,1576595822920417070
-0.0,0.9720360000000001,-1.4974500000000002,0.003621,-0.0,1576595822930403947
-0.0,1.844778,-0.3417,-0.03620999999999999,0.006958000000000001,1576595822940402030
-0.005226000000000001,0.6009900000000001,-0.0335,-0.34037399999999995,-0.0,1576595822950396060
-0.0,-0.475566,-0.5293,-0.4019309999999999,-0.0,1576595822960445880
0.005226000000000001,3.34464,-1.1189,0.018104999999999996,-0.0,1576595822970402002
-0.0,-0.7839,-1.47735,0.16294499999999998,-0.0034790000000000003,1576595822980376005
-0.0,-0.062712,-0.0134,-0.050693999999999996,-0.0034790000000000003,1576595822990364074
-0.0,-0.020904000000000002,-1.4673,-0.14483999999999997,-0.0,1576595823000422000
-0.0,-0.07839,0.0469,-0.09052500000000001,-0.0,1576595823010394096
-0.005226000000000001,-0.224718,-0.36515000000000003,-0.26795399999999997,-0.010437,1576595823020375967
-0.0,-2.9892719999999997,-0.056950000000000014,-0.076041,-0.0,1576595823030421018
0.005226000000000001,0.036582,1.6281,0.079662,-0.0034790000000000003,1576595823040436029
0.005226000000000001,-3.046758,1.43715,-0.061557,-0.0034790000000000003,1576595823050427913
-0.0,0.08361600000000001,1.99995,-0.07241999999999998,-0.010437,1576595823060390949
-0.0,-4.724304,0.4087,-0.021726,-0.0,1576595823070449113
-0.0,-1.4266980000000002,1.7152,0.115872,-0.0,1576595823080445051
-0.0,-3.9665340000000002,2.2344500000000003,-0.007242,-0.0,1576595823090409994
-0.0,-1.4632800000000001,1.69175,-0.11225099999999999,-0.0,1576595823100373029
-0.0,-3.4125780000000003,1.6247500000000001,0.11225099999999999,-0.0034790000000000003,1576595823110349893
-0.0,-4.541394,1.03515,0.293301,-0.0,1576595823120443105
0.005226000000000001,-4.771338,2.1105,0.105009,0.006958000000000001,1576595823130434036
-0.0,-4.698174000000001,1.57115,-0.105009,-0.0034790000000000003,1576595823140446901
-0.0,-1.249014,0.51925,0.083283,-0.0,1576595823150356054
-0.0,-1.6775460000000002,2.5460000000000003,0.26795399999999997,0.0034790000000000003,1576595823160440921
-0.0,-3.5745840000000006,1.1323,0.014484,0.0034790000000000003,1576595823170432090
-0.005226000000000001,-2.999724,1.7587500000000003,0.152082,-0.0,1576595823180392980
-0.0,-4.515264,1.8726500000000004,0.611949,0.0034790000000000003,1576595823190344095
-0.0,-1.7350320000000004,1.0452000000000001,0.34037399999999995,-0.0,1576595823200417041
-0.0,-3.9560820000000003,1.6683,-0.014484,0.0034790000000000003,1576595823210361957
-0.0,-1.562574,0.46230000000000004,0.054314999999999995,0.0034790000000000003,1576595823220382928
-0.0,-4.071054,2.8810000000000002,0.32226899999999997,-0.0,1576595823230366945
-0.0,-1.9283940000000002,1.0318,0.7350629999999999,-0.0,1576595823240426063
-0.0,-1.7350320000000004,2.02005,0.412794,-0.0,1576595823250431060
-0.0,-4.813146000000001,1.91955,0.26071199999999994,-0.0,1576595823260399103
-0.0,-2.6652600000000004,1.93295,0.532287,-0.0034790000000000003,1576595823270389080
-0.0,-2.529384,1.7788500000000003,0.5721179999999999,-0.0,1576595823280435085
-0.0,-4.510038000000001,1.2931000000000001,0.45624599999999993,-0.0034790000000000003,1576595823290388107
-0.0,-3.046758,1.9966000000000002,0.32588999999999996,-0.0,1576595823300379991
0.005226000000000001,-3.24012,1.59795,0.20277599999999998,-0.0,1576595823310405969
-0.0,-4.781790000000001,1.7822,0.503319,-0.0034790000000000003,1576595823320452928
-0.0,-3.6163920000000003,1.5443500000000001,0.43451999999999996,-0.0,1576595823330413103
-0.0,-2.5659660000000004,1.2127000000000001,0.21725999999999998,-0.0,1576595823340377092
0.005226000000000001,-2.257632,1.43715,-0.11225099999999999,-0.0034790000000000003,1576595823350409030
-0.005226000000000001,-3.78885,2.3785,0.09052500000000001,-0.0,1576595823360445976
-0.0,-3.940404,1.46395,0.083283,-0.0,1576595823370449066
0.005226000000000001,-1.7663880000000003,1.1591,0.31502699999999995,-0.0034790000000000003,1576595823380412101
-0.0,-5.027412,0.76715,0.007242,-0.0034790000000000003,1576595823390398979
0.005226000000000001,-2.8115880000000004,1.95305,-0.03258899999999999,-0.0,1576595823400439977
-0.0,-3.5902620000000005,0.9313000000000001,0.210018,-0.0034790000000000003,1576595823410340070
-0.0,-1.275144,1.6214,0.861798,-0.006958000000000001,1576595823420411109
-0.0,-4.034472000000001,2.2177000000000002,0.720579,0.006958000000000001,1576595823430437088
-0.0,-0.501696,1.6683,0.4598669999999999,-0.006958000000000001,1576595823440464019
-0.0,-1.6618680000000001,1.58455,0.347616,-0.0034790000000000003,1576595823450397968
-0.0,-4.138992000000001,1.8492000000000002,0.20277599999999998,-0.0,1576595823460380077
-0.005226000000000001,-2.9474639999999996,1.9162,0.684369,0.0034790000000000003,1576595823470371007
0.005226000000000001,-4.583202000000001,1.0318,0.496077,0.0034790000000000003,1576595823480457067
-0.0,-2.8743000000000007,1.6616000000000002,0.13035599999999997,-0.0,1576595823490381956
0.005226000000000001,-4.25919,1.4405000000000001,-0.249849,-0.006958000000000001,1576595823500382900
-0.0,-2.6548080000000005,1.37685,-0.0,-0.0034790000000000003,1576595823510325908
-0.0,-0.9877140000000001,1.6515500000000003,0.31140599999999996,0.006958000000000001,1576595823520394086
0.005226000000000001,-4.0396980000000005,1.46395,0.44176199999999993,0.0034790000000000003,1576595823530411958
-0.0,-3.3394140000000005,1.1423500000000002,-0.007242,-0.0,1576595823540366888
-0.0,-2.4091860000000005,0.6532500000000001,-0.13035599999999997,-0.0,1576595823550368070
-0.0,-2.7227460000000003,1.6515500000000003,-0.0,0.006958000000000001,1576595823560409069
-0.0,-4.7034,1.5443500000000001,0.333132,-0.006958000000000001,1576595823570416927
-0.0,-3.7052340000000004,1.1658,0.6879899999999999,-0.0034790000000000003,1576595823580380916
-0.0,-1.3953420000000003,1.22945,0.485214,-0.0,1576595823590383052
-0.0,-3.5170980000000007,1.7286000000000001,0.043452,0.0034790000000000003,1576595823600399971
-0.005226000000000001,-3.7574940000000003,0.95475,0.15570299999999998,0.0034790000000000003,1576595823610404968
-0.0,-1.3065000000000002,0.6633000000000001,0.8147249999999999,-0.0034790000000000003,1576595823620378017
-0.0,0.5591820000000001,-0.8240999999999999,0.6517799999999999,-0.0034790000000000003,1576595823630383014
-0.0,-4.734756000000001,2.25455,0.10138799999999999,-0.0,1576595823640414953
-0.0,1.5259920000000002,0.16415000000000002,0.014484,0.0034790000000000003,1576595823650392055
-0.0,-3.63207,0.3618,0.34399499999999994,-0.0034790000000000003,1576595823660396099
-0.0,-3.407352000000001,2.32825,0.7386839999999999,0.006958000000000001,1576595823670418977
-0.0,2.0381400000000003,0.5628000000000001,0.30778500000000003,-0.0034790000000000003,1576595823680466890
-0.0,-2.571192,1.6481999999999999,-0.061557,-0.0034790000000000003,1576595823690404891
-0.0,-3.9560820000000003,1.65825,0.007242,-0.0034790000000000003,1576595823700380086
-0.0,-0.40240200000000004,0.7705000000000001,0.246228,0.006958000000000001,1576595823710372924
-0.0,-3.198312,0.3216,0.068799,-0.0,1576595823720417976
-0.0,-2.2315020000000003,1.7353,-0.003621,-0.0,1576595823730406999
-0.0,-0.91455,0.05025,0.010863,-0.0,1576595823740380048
-0.0,-4.807920000000001,2.2612500000000004,0.025346999999999998,-0.006958000000000001,1576595823750401020
0.005226000000000001,-1.0190700000000001,1.1289500000000001,0.119493,-0.0,1576595823760407924
-0.0,-3.6947820000000005,0.9413500000000001,0.293301,-0.0,1576595823770410060
-0.0,-4.9647,2.3785,-0.0,-0.0,1576595823780368089
-0.0,-0.8779680000000002,1.5309500000000003,-0.010863,-0.0,1576595823790394067
-0.0,-3.5641320000000007,-0.27135000000000004,-0.21363899999999997,-0.0,1576595823800426959
0.005226000000000001,-3.924726,2.10715,-0.014484,-0.006958000000000001,1576595823810405969
-0.0,-0.7786740000000001,0.44555,0.076041,0.0034790000000000003,1576595823820410013
-0.0,-0.820482,-0.1206,0.007242,-0.0,1576595823830389976
-0.0,-0.8309340000000001,1.7855500000000002,-0.137598,0.0034790000000000003,1576595823840440988
-0.0,0.26130000000000003,1.6046500000000001,0.054314999999999995,-0.0,1576595823850423097
-0.0,-0.308334,0.28809999999999997,0.094146,-0.0,1576595823860399007
0.005226000000000001,0.10452,0.17085,0.047073,-0.0,1576595823870400905
0.005226000000000001,-0.33446400000000004,0.11390000000000003,0.094146,-0.0,1576595823880453109
-0.0,-2.7227460000000003,0.11725000000000001,0.09776699999999999,-0.0,1576595823890404939
-0.0,-0.250848,0.17085,0.09052500000000001,-0.0034790000000000003,1576595823900397062
-0.0,-0.18291000000000002,0.23115000000000002,0.094146,-0.0,1576595823910398960
-0.005226000000000001,0.05226,0.15745,0.115872,-0.0,1576595823920448064
-0.0,-0.36582000000000003,0.3484,0.09052500000000001,0.0034790000000000003,1576595823930449962
-0.0,-0.39717600000000003,0.37855,0.094146,-0.0,1576595823940454959
-0.005226000000000001,-0.282204,0.32830000000000004,0.115872,-0.006958000000000001,1576595823950347900
-0.010452000000000001,-0.36582000000000003,0.20435,0.10862999999999999,-0.0,1576595823960436105
0.005226000000000001,-0.34491600000000006,0.37855,0.105009,-0.0,1576595823970448017
-0.0,-0.35014200000000006,0.2948,0.10138799999999999,0.0034790000000000003,1576595823980427026
0.005226000000000001,-0.266526,0.36515000000000003,0.11225099999999999,-0.0,1576595823990408897
