arm_joint_1.vel,arm_joint_2.vel,arm_joint_3.vel,arm_joint_4.vel,arm_joint_5.vel,time_stamp
-0.0,-0.0,0.0,-0.0,-0.0,1576595814000159025
-0.0,-0.0,0.0,-0.0,-0.0,1576595814000473022
-0.0,-0.0,0.0,-0.0,-0.0,1576595814010416984
-0.0,-0.0,0.0,-0.0,-0.0,1576595814020421028
-0.0,-0.0,0.0,-0.0,-0.0,1576595814030472040
-0.0,-0.0,0.0,-0.0,-0.0,1576595814040411949
-0.0,-0.0,0.0,-0.0,-0.0,1576595814050420045
-0.0,-0.0,0.0,-0.0,-0.0,1576595814060406923
-0.0,-0.0,0.0,-0.0,-0.0,1576595814070396900
-0.0,-0.0,0.0,-0.0,-0.0,1576595814080439090
-0.0,0.030207621669132628,0.0,-0.022123891926688684,-0.0,1576595814090425014
-0.0,-0.0,0.0,-0.0,-0.0,1576595814100393056
-0.0,-0.0,0.0,-0.0,-0.0,1576595814110398054
-0.0,0.04027682889217683,0.0,-0.022123891926688684,-0.0,1576595814120485067
-0.0,0.010069207223044208,0.015707963267948967,-0.06637167578006604,-0.0,1576595814130409002
-0.0,0.020138414446088417,0.0,-0.022123891926688684,-0.0,1576595814140419960
-0.0,0.020138414446088417,0.031415926535897934,-0.0,-0.0,1576595814150392055
-0.0,0.04027682889217683,0.0,-0.04424778385337737,-0.0,1576595814160439014
-0.0,0.030207621669132628,0.031415926535897934,-0.08849556770675474,-0.0,1576595814170407056
-0.0,0.04027682889217683,0.0,-0.06637167578006604,-0.0,1576595814180421113
-0.0,0.05034603611522104,0.031415926535897934,-0.04424778385337737,-0.0,1576595814190414905
-0.0,0.05034603611522104,0.0,-0.04424778385337737,-0.0,1576595814200423002
-0.0,0.04027682889217683,0.031415926535897934,-0.08849556770675474,-0.0,1576595814210427999
-0.0,0.09062286500739787,0.015707963267948967,-0.1548672434868208,-0.0,1576595814220448017
-0.0,0.04027682889217683,0.031415926535897934,-0.1327433515601321,-0.0,1576595814230403900
-0.0,0.060415243338265257,0.031415926535897934,-0.08849556770675474,-0.0,1576595814240425109
-0.0,0.05034603611522104,0.015707963267948967,-0.06637167578006604,-0.0,1576595814250412940
-0.0,0.1107612794534863,0.031415926535897934,-0.08849556770675474,-0.0,1576595814260421037
-0.0,0.05034603611522104,0.031415926535897934,-0.19911502734019815,-0.0,1576595814270407915
-0.0,0.1107612794534863,0.031415926535897934,-0.19911502734019815,-0.0,1576595814280459880
-0.0,0.12083048667653051,0.031415926535897934,-0.17699113541350947,-0.0,1576595814290411949
-0.0,0.060415243338265257,0.031415926535897934,-0.19911502734019815,-0.0,1576595814300421953
-0.0,0.16110731556870733,0.047123889803846894,-0.19911502734019815,-0.0,1576595814310419082
-0.0,0.060415243338265257,0.031415926535897934,-0.19911502734019815,-0.0,1576595814320445060
-0.0,0.14096890112261892,0.031415926535897934,-0.19911502734019815,-0.0,1576595814330383062
-0.0,0.1510381083456631,0.015707963267948967,-0.19911502734019815,-0.0,1576595814340415954
-0.0,0.1510381083456631,0.06283185307179587,-0.2654867031202642,-0.0,1576595814350426912
-0.0,0.17117652279175155,0.06283185307179587,-0.3097344869736416,-0.0,1576595814360450029
-0.0,0.17117652279175155,0.031415926535897934,-0.3097344869736416,-0.0,1576595814370414972
-0.0,0.18124573001479574,0.07853981633974483,-0.2876105950469529,-0.0,1576595814380398035
-0.0,0.1510381083456631,0.031415926535897934,-0.2654867031202642,-0.0,1576595814390368938
-0.0,0.21145335168392837,0.031415926535897934,-0.2876105950469529,-0.0,1576595814400382041
-0.0,0.18124573001479574,0.07853981633974483,-0.33185837890033026,-0.0,1576595814410443067
-0.0,0.17117652279175155,0.047123889803846894,-0.3097344869736416,-0.0,1576595814420392990
-0.0,0.19131493723783996,0.06283185307179587,-0.3761061627537077,-0.0,1576595814430408954
-0.0,0.2215225589069726,0.047123889803846894,-0.3761061627537077,-0.0,1576595814440429925
-0.0,0.20138414446088415,0.07853981633974483,-0.3761061627537077,-0.0,1576595814450427055
-0.0,0.20138414446088415,0.047123889803846894,-0.420353946607085,-0.0,1576595814460417032
-0.0,0.2718685950221936,0.047123889803846894,-0.3982300546803963,-0.0,1576595814470407009
-0.0,0.24166097335306103,0.10995574287564278,-0.3982300546803963,-0.0,1576595814480448961
-0.0,0.24166097335306103,0.06283185307179587,-0.4646017304604624,-0.0,1576595814490434885
-0.0,0.21145335168392837,0.047123889803846894,-0.420353946607085,-0.0,1576595814500402927
-0.0,0.2617993877991494,0.10995574287564278,-0.4646017304604624,-0.0,1576595814510395050
-0.0,0.2315917661300168,0.047123889803846894,-0.4424778385337737,-0.0,1576595814520448923
-0.0,0.28193780224523785,0.06283185307179587,-0.4424778385337737,-0.0,1576595814530397891
-0.0,0.2718685950221936,0.06283185307179587,-0.4646017304604624,-0.0,1576595814540374040
-0.0,0.2517301805761052,0.10995574287564278,-0.4646017304604624,-0.0,1576595814550394058
-0.0,0.29200700946828206,0.07853981633974483,-0.4867256223871511,-0.0,1576595814560467958
-0.0,0.2718685950221936,0.047123889803846894,-0.4646017304604624,-0.0,1576595814570386886
-0.0,0.2517301805761052,0.10995574287564278,-0.4867256223871511,-0.0,1576595814580406904
-0.0,0.2517301805761052,0.06283185307179587,-0.5088495143138397,-0.0,1576595814590401887
-0.0,0.28193780224523785,0.06283185307179587,-0.4867256223871511,-0.0,1576595814600429058
-0.0,0.2517301805761052,0.10995574287564278,-0.5309734062405284,-0.0,1576595814610433101
-0.0,0.29200700946828206,0.06283185307179587,-0.5088495143138397,-0.0,1576595814620419979
-0.0,0.2517301805761052,0.047123889803846894,-0.5088495143138397,-0.0,1576595814630369901
-0.0,0.2718685950221936,0.12566370614359174,-0.4867256223871511,-0.0,1576595814640424013
-0.0,0.29200700946828206,0.06283185307179587,-0.5088495143138397,-0.0,1576595814650404930
-0.0,0.2718685950221936,0.06283185307179587,-0.5088495143138397,-0.0,1576595814660449028
-0.0,0.29200700946828206,0.10995574287564278,-0.4646017304604624,-0.0,1576595814670416116
-0.0,0.24166097335306103,0.047123889803846894,-0.420353946607085,-0.0,1576595814680442094
-0.0,0.2517301805761052,0.06283185307179587,-0.4424778385337737,-0.0,1576595814690401077
-0.0,0.2617993877991494,0.07853981633974483,-0.4646017304604624,-0.0,1576595814700401067
-0.0,0.28193780224523785,0.07853981633974483,-0.4646017304604624,-0.0,1576595814710403919
-0.0,0.2517301805761052,0.047123889803846894,-0.4646017304604624,-0.0,1576595814720439910
-0.0,0.24166097335306103,0.07853981633974483,-0.4424778385337737,-0.0,1576595814730393886
-0.0,0.2617993877991494,0.07853981633974483,-0.4867256223871511,-0.0,1576595814740387916
-0.0,0.2215225589069726,0.047123889803846894,-0.4646017304604624,-0.0,1576595814750365018
-0.0,0.24166097335306103,0.07853981633974483,-0.4424778385337737,-0.0,1576595814760416030
-0.0,0.2315917661300168,0.047123889803846894,-0.4424778385337737,-0.0,1576595814770384073
-0.0,0.20138414446088415,0.06283185307179587,-0.420353946607085,-0.0,1576595814780406951
-0.0,0.20138414446088415,0.047123889803846894,-0.3761061627537077,-0.0,1576595814790426969
-0.0,0.19131493723783996,0.06283185307179587,-0.3761061627537077,-0.0,1576595814800432920
-0.0,0.19131493723783996,0.07853981633974483,-0.35398227082701894,-0.0,1576595814810429096
-0.0,0.19131493723783996,0.06283185307179587,-0.35398227082701894,-0.0,1576595814820431947
-0.0,0.18124573001479574,0.07853981633974483,-0.35398227082701894,-0.0,1576595814830400943
-0.0,0.16110731556870733,0.047123889803846894,-0.3097344869736416,-0.0,1576595814840436935
-0.0,0.14096890112261892,0.06283185307179587,-0.2654867031202642,-0.0,1576595814850426912
-0.0,0.07048445056130946,0.047123889803846894,-0.2876105950469529,-0.0,1576595814860416889
-0.0,0.18124573001479574,0.047123889803846894,-0.2654867031202642,-0.0,1576595814870429039
-0.0,0.1510381083456631,0.047123889803846894,-0.24336281119357556,-0.0,1576595814880500078
-0.0,0.07048445056130946,0.047123889803846894,-0.22123891926688685,-0.0,1576595814890408039
-0.0,0.1308996938995747,0.031415926535897934,-0.19911502734019815,-0.0,1576595814900389909
-0.0,0.1308996938995747,0.031415926535897934,-0.19911502734019815,-0.0,1576595814910370111
-0.0,0.030207621669132628,0.031415926535897934,-0.17699113541350947,-0.0,1576595814920445919
-0.0,0.09062286500739787,0.015707963267948967,-0.04424778385337737,-0.0,1576595814930409908
-0.0,0.04027682889217683,0.015707963267948967,-0.06637167578006604,-0.0,1576595814940378904
-0.0,0.05034603611522104,0.015707963267948967,-0.1327433515601321,-0.0,1576595814950422048
-0.0,0.060415243338265257,0.031415926535897934,-0.17699113541350947,-0.0,1576595814960433006
-0.0,0.030207621669132628,0.0,-0.11061945963344343,-0.0,1576595814970482110
-0.0,0.030207621669132628,0.015707963267948967,-0.0,-0.0,1576595814980441093
-0.0,-0.0,0.0,0.06637167578006604,-0.0,1576595814990430116
-0.0,-0.0,0.0,-0.022123891926688684,-0.0,1576595815000442028
-0.0,-0.0,0.0,-0.04424778385337737,-0.0,1576595815010426044
-0.0,-0.030207621669132628,0.0,-0.022123891926688684,-0.0,1576595815020420074
-0.0,-0.010069207223044208,-0.015707963267948967,0.08849556770675474,-0.0,1576595815030409097
-0.0,-0.04027682889217683,-0.015707963267948967,0.08849556770675474,-0.0,1576595815040457010
-0.0,-0.030207621669132628,-0.015707963267948967,0.08849556770675474,-0.0,1576595815050390958
-0.0,-0.04027682889217683,-0.031415926535897934,0.04424778385337737,-0.0,1576595815060400962
-0.0,-0.07048445056130946,-0.031415926535897934,0.08849556770675474,-0.0,1576595815070368051
-0.0,-0.030207621669132628,-0.015707963267948967,0.1548672434868208,-0.0,1576595815080478906
-0.0,-0.1107612794534863,-0.047123889803846894,0.19911502734019815,-0.0,1576595815090398073
-0.0,-0.05034603611522104,-0.015707963267948967,0.1548672434868208,-0.0,1576595815100449085
-0.0,-0.12083048667653051,-0.031415926535897934,0.06637167578006604,-0.0,1576595815110443115
-0.0,-0.060415243338265257,-0.031415926535897934,0.08849556770675474,-0.0,1576595815120405912
-0.0,-0.1107612794534863,-0.031415926535897934,0.17699113541350947,-0.0,1576595815130382061
-0.0,-0.1308996938995747,-0.09424777960769379,0.22123891926688685,-0.0,1576595815140397071
-0.0,-0.060415243338265257,-0.031415926535897934,0.24336281119357556,-0.0,1576595815150366067
-0.0,-0.1510381083456631,-0.07853981633974483,0.2654867031202642,-0.0,1576595815160434007
-0.0,-0.14096890112261892,-0.015707963267948967,0.24336281119357556,-0.0,1576595815170418024
-0.0,-0.060415243338265257,-0.09424777960769379,0.19911502734019815,-0.0,1576595815180377960
-0.0,-0.16110731556870733,-0.015707963267948967,0.17699113541350947,-0.0,1576595815190383911
-0.0,-0.14096890112261892,-0.047123889803846894,0.2876105950469529,-0.0,1576595815200448989
-0.0,-0.18124573001479574,-0.09424777960769379,0.3097344869736416,-0.0,1576595815210408926
-0.0,-0.12083048667653051,-0.031415926535897934,0.3097344869736416,-0.0,1576595815220405101
-0.0,-0.17117652279175155,-0.09424777960769379,0.2654867031202642,-0.0,1576595815230436086
-0.0,-0.1510381083456631,-0.047123889803846894,0.2654867031202642,-0.0,1576595815240426063
-0.0,-0.18124573001479574,-0.10995574287564278,0.3097344869736416,-0.0,1576595815250411033
-0.0,-0.14096890112261892,-0.047123889803846894,0.2876105950469529,-0.0,1576595815260436058
-0.0,-0.17117652279175155,-0.06283185307179587,0.2654867031202642,-0.0,1576595815270365953
-0.0,-0.1308996938995747,-0.10995574287564278,0.33185837890033026,-0.0,1576595815280421972
-0.0,-0.19131493723783996,-0.06283185307179587,0.35398227082701894,-0.0,1576595815290388107
-0.0,-0.1510381083456631,-0.031415926535897934,0.33185837890033026,-0.0,1576595815300379991
-0.0,-0.1510381083456631,-0.10995574287564278,0.3097344869736416,-0.0,1576595815310379981
-0.0,-0.18124573001479574,-0.047123889803846894,0.3761061627537077,-0.0,1576595815320394039
-0.0,-0.19131493723783996,-0.047123889803846894,0.35398227082701894,-0.0,1576595815330410957
-0.0,-0.17117652279175155,-0.10995574287564278,0.35398227082701894,-0.0,1576595815340379953
-0.0,-0.16110731556870733,-0.07853981633974483,0.3761061627537077,-0.0,1576595815350368022
-0.0,-0.2215225589069726,-0.07853981633974483,0.35398227082701894,-0.0,1576595815360435962
-0.0,-0.16110731556870733,-0.047123889803846894,0.35398227082701894,-0.0,1576595815370404958
-0.0,-0.1510381083456631,-0.10995574287564278,0.35398227082701894,-0.0,1576595815380400896
-0.0,-0.17117652279175155,-0.10995574287564278,0.3761061627537077,-0.0,1576595815390398979
-0.0,-0.19131493723783996,-0.047123889803846894,0.35398227082701894,-0.0,1576595815400440931
-0.0,-0.1510381083456631,-0.12566370614359174,0.3982300546803963,-0.0,1576595815410438060
-0.0,-0.21145335168392837,-0.07853981633974483,0.33185837890033026,-0.0,1576595815420380115
-0.0,-0.20138414446088415,-0.06283185307179587,0.33185837890033026,-0.0,1576595815430358886
-0.0,-0.08055365778435367,-0.10995574287564278,0.3982300546803963,-0.0,1576595815440444946
-0.0,-0.20138414446088415,-0.09424777960769379,0.35398227082701894,-0.0,1576595815450428009
-0.0,-0.20138414446088415,-0.047123889803846894,0.35398227082701894,-0.0,1576595815460402011
-0.0,-0.18124573001479574,-0.12566370614359174,0.3982300546803963,-0.0,1576595815470419883
-0.0,-0.19131493723783996,-0.07853981633974483,0.3982300546803963,-0.0,1576595815480460882
-0.0,-0.1308996938995747,-0.06283185307179587,0.3761061627537077,-0.0,1576595815490422964
-0.0,-0.16110731556870733,-0.1413716694115407,0.3761061627537077,-0.0,1576595815500431060
-0.0,-0.19131493723783996,-0.06283185307179587,0.33185837890033026,-0.0,1576595815510410070
-0.0,-0.1308996938995747,-0.12566370614359174,0.33185837890033026,-0.0,1576595815520411014
-0.0,-0.1510381083456631,-0.06283185307179587,0.35398227082701894,-0.0,1576595815530417919
-0.0,-0.16110731556870733,-0.07853981633974483,0.3761061627537077,-0.0,1576595815540397882
-0.0,-0.14096890112261892,-0.06283185307179587,0.35398227082701894,-0.0,1576595815550414085
-0.0,-0.16110731556870733,-0.1413716694115407,0.3761061627537077,-0.0,1576595815560456037
-0.0,-0.19131493723783996,-0.06283185307179587,0.3982300546803963,-0.0,1576595815570398092
-0.0,-0.1308996938995747,-0.12566370614359174,0.35398227082701894,-0.0,1576595815580377101
-0.0,-0.16110731556870733,-0.07853981633974483,0.35398227082701894,-0.0,1576595815590368032
-0.0,-0.16110731556870733,-0.07853981633974483,0.35398227082701894,-0.0,1576595815600415945
-0.0,-0.09062286500739787,-0.10995574287564278,0.33185837890033026,-0.0,1576595815610431909
-0.0,-0.17117652279175155,-0.06283185307179587,0.3097344869736416,-0.0,1576595815620428085
-0.0,-0.17117652279175155,-0.06283185307179587,0.35398227082701894,-0.0,1576595815630400896
-0.0,-0.1510381083456631,-0.12566370614359174,0.35398227082701894,-0.0,1576595815640423059
-0.0,-0.07048445056130946,-0.06283185307179587,0.35398227082701894,-0.0,1576595815650412082
-0.0,-0.18124573001479574,-0.07853981633974483,0.33185837890033026,-0.0,1576595815660408973
-0.0,-0.16110731556870733,-0.09424777960769379,0.2876105950469529,-0.0,1576595815670394897
-0.0,-0.12083048667653051,-0.12566370614359174,0.2876105950469529,-0.0,1576595815680417060
-0.0,-0.10069207223044208,-0.06283185307179587,0.3097344869736416,-0.0,1576595815690423011
-0.0,-0.14096890112261892,-0.10995574287564278,0.33185837890033026,-0.0,1576595815700407028
-0.0,-0.1107612794534863,-0.06283185307179587,0.2876105950469529,-0.0,1576595815710396051
-0.0,-0.07048445056130946,-0.07853981633974483,0.24336281119357556,-0.0,1576595815720441102
-0.0,-0.1510381083456631,-0.06283185307179587,0.2654867031202642,-0.0,1576595815730421066
-0.0,-0.14096890112261892,-0.09424777960769379,0.2654867031202642,-0.0,1576595815740386962
-0.0,-0.060415243338265257,-0.06283185307179587,0.2876105950469529,-0.0,1576595815750415086
-0.0,-0.1510381083456631,-0.07853981633974483,0.22123891926688685,-0.0,1576595815760431051
-0.0,-0.10069207223044208,-0.10995574287564278,0.2654867031202642,-0.0,1576595815770435094
-0.0,-0.05034603611522104,-0.06283185307179587,0.2654867031202642,-0.0,1576595815780396938
-0.0,-0.12083048667653051,-0.07853981633974483,0.22123891926688685,-0.0,1576595815790396928
-0.0,-0.10069207223044208,-0.06283185307179587,0.19911502734019815,-0.0,1576595815800441980
-0.0,-0.030207621669132628,-0.047123889803846894,0.19911502734019815,-0.0,1576595815810398101
-0.0,-0.12083048667653051,-0.06283185307179587,0.22123891926688685,-0.0,1576595815820444107
-0.0,-0.07048445056130946,-0.07853981633974483,0.22123891926688685,-0.0,1576595815830390930
-0.0,-0.05034603611522104,-0.047123889803846894,0.19911502734019815,-0.0,1576595815840426921
-0.0,-0.1107612794534863,-0.06283185307179587,0.1548672434868208,-0.0,1576595815850442886
-0.0,-0.030207621669132628,-0.047123889803846894,0.1327433515601321,-0.0,1576595815860394001
-0.0,-0.05034603611522104,-0.06283185307179587,0.1548672434868208,-0.0,1576595815870357990
-0.0,-0.07048445056130946,-0.06283185307179587,0.22123891926688685,-0.0,1576595815880445957
-0.0,-0.05034603611522104,-0.047123889803846894,0.17699113541350947,-0.0,1576595815890396118
-0.0,-0.05034603611522104,-0.06283185307179587,0.06637167578006604,-0.0,1576595815900413036
-0.0,-0.05034603611522104,-0.047123889803846894,-0.0,-0.0,1576595815910398006
-0.0,-0.04027682889217683,-0.047123889803846894,0.04424778385337737,-0.0,1576595815920444965
-0.0,-0.030207621669132628,-0.047123889803846894,0.1548672434868208,-0.0,1576595815930422067
-0.0,-0.05034603611522104,-0.031415926535897934,0.19911502734019815,-0.0,1576595815940398931
-0.0,-0.030207621669132628,-0.015707963267948967,0.1548672434868208,-0.0,1576595815950412988
-0.0,-0.04027682889217683,-0.031415926535897934,0.04424778385337737,-0.0,1576595815960422039
-0.0,-0.010069207223044208,-0.015707963267948967,-0.04424778385337737,-0.0,1576595815970400094
-0.0,-0.030207621669132628,-0.015707963267948967,0.022123891926688684,-0.0,1576595815980390071
-0.0,-0.0,0.0,0.08849556770675474,-0.0,1576595815990391969
-0.0,-0.0,-0.015707963267948967,0.04424778385337737,-0.0,1576595816000403881
-0.0,-0.0,0.015707963267948967,-0.04424778385337737,-0.0,1576595816010426998
-0.0,0.020138414446088417,-0.015707963267948967,-0.06637167578006604,-0.0,1576595816020404100
-0.0,0.010069207223044208,0.031415926535897934,-0.0,-0.0,1576595816030416011
-0.0,0.020138414446088417,0.015707963267948967,0.022123891926688684,-0.0,1576595816040452003
-0.0,0.030207621669132628,0.0,-0.04424778385337737,-0.0,1576595816050405025
-0.0,0.020138414446088417,0.015707963267948967,-0.11061945963344343,-0.0,1576595816060412883
-0.0,0.04027682889217683,0.015707963267948967,-0.1548672434868208,-0.0,1576595816070425033
-0.0,0.020138414446088417,0.047123889803846894,-0.1327433515601321,-0.0,1576595816080481052
-0.0,0.07048445056130946,0.031415926535897934,-0.08849556770675474,-0.0,1576595816090373039
-0.0,0.04027682889217683,0.047123889803846894,-0.11061945963344343,-0.0,1576595816100378036
-0.0,0.04027682889217683,0.047123889803846894,-0.1327433515601321,-0.0,1576595816110394954
-0.0,0.10069207223044208,0.09424777960769379,-0.1327433515601321,-0.0,1576595816120456933
-0.0,0.030207621669132628,0.015707963267948967,-0.17699113541350947,-0.0,1576595816130398988
-0.0,0.1107612794534863,0.09424777960769379,-0.1548672434868208,-0.0,1576595816140404939
-0.0,0.04027682889217683,0.047123889803846894,-0.17699113541350947,-0.0,1576595816150392055
-0.0,0.12083048667653051,0.10995574287564278,-0.22123891926688685,-0.0,1576595816160475015
-0.0,0.04027682889217683,0.047123889803846894,-0.24336281119357556,-0.0,1576595816170368909
-0.0,0.1308996938995747,0.1413716694115407,-0.24336281119357556,-0.0,1576595816180377960
-0.0,0.05034603611522104,0.047123889803846894,-0.22123891926688685,-0.0,1576595816190371990
-0.0,0.14096890112261892,0.10995574287564278,-0.22123891926688685,-0.0,1576595816200438022
-0.0,0.12083048667653051,0.15707963267948966,-0.2876105950469529,-0.0,1576595816210414886
-0.0,0.04027682889217683,0.047123889803846894,-0.3097344869736416,-0.0,1576595816220406055
-0.0,0.1308996938995747,0.09424777960769379,-0.2876105950469529,-0.0,1576595816230336904
-0.0,0.07048445056130946,0.15707963267948966,-0.3097344869736416,-0.0,1576595816240468025
-0.0,0.12083048667653051,0.06283185307179587,-0.33185837890033026,-0.0,1576595816250437974
-0.0,0.1510381083456631,0.10995574287564278,-0.35398227082701894,-0.0,1576595816260401010
-0.0,0.060415243338265257,0.1413716694115407,-0.33185837890033026,-0.0,1576595816270400047
-0.0,0.14096890112261892,0.1413716694115407,-0.35398227082701894,-0.0,1576595816280504941
-0.0,0.14096890112261892,0.12566370614359174,-0.35398227082701894,-0.0,1576595816290437936
-0.0,0.1510381083456631,0.15707963267948966,-0.35398227082701894,-0.0,1576595816300412893
-0.0,0.08055365778435367,0.15707963267948966,-0.3761061627537077,-0.0,1576595816310415983
-0.0,0.18124573001479574,0.17278759594743862,-0.420353946607085,-0.0,1576595816320414066
-0.0,0.16110731556870733,0.12566370614359174,-0.420353946607085,-0.0,1576595816330425977
-0.0,0.16110731556870733,0.15707963267948966,-0.4424778385337737,-0.0,1576595816340419054
-0.0,0.09062286500739787,0.18849555921538758,-0.4424778385337737,-0.0,1576595816350349903
-0.0,0.1510381083456631,0.17278759594743862,-0.420353946607085,-0.0,1576595816360409021
-0.0,0.17117652279175155,0.12566370614359174,-0.420353946607085,-0.0,1576595816370398998
-0.0,0.14096890112261892,0.20420352248333656,-0.420353946607085,-0.0,1576595816380377054
-0.0,0.12083048667653051,0.18849555921538758,-0.4424778385337737,-0.0,1576595816390409946
-0.0,0.17117652279175155,0.1413716694115407,-0.4646017304604624,-0.0,1576595816400420904
-0.0,0.16110731556870733,0.15707963267948966,-0.4646017304604624,-0.0,1576595816410399913
-0.0,0.1510381083456631,0.21991148575128555,-0.4867256223871511,-0.0,1576595816420423030
-0.0,0.17117652279175155,0.21991148575128555,-0.4867256223871511,-0.0,1576595816430413007
-0.0,0.14096890112261892,0.17278759594743862,-0.4646017304604624,-0.0,1576595816440443992
-0.0,0.19131493723783996,0.18849555921538758,-0.4867256223871511,-0.0,1576595816450428962
-0.0,0.08055365778435367,0.20420352248333656,-0.4867256223871511,-0.0,1576595816460397005
-0.0,0.21145335168392837,0.21991148575128555,-0.4867256223871511,-0.0,1576595816470422029
-0.0,0.17117652279175155,0.18849555921538758,-0.4646017304604624,-0.0,1576595816480441093
-0.0,0.17117652279175155,0.20420352248333656,-0.4867256223871511,-0.0,1576595816490386962
-0.0,0.08055365778435367,0.15707963267948966,-0.4867256223871511,-0.0,1576595816500358104
-0.0,0.20138414446088415,0.20420352248333656,-0.5309734062405284,-0.0,1576595816510400056
-0.0,0.16110731556870733,0.18849555921538758,-0.4867256223871511,-0.0,1576595816520447969
-0.0,0.16110731556870733,0.20420352248333656,-0.4867256223871511,-0.0,1576595816530404090
-0.0,0.17117652279175155,0.21991148575128555,-0.4646017304604624,-0.0,1576595816540386915
-0.0,0.1308996938995747,0.20420352248333656,-0.4867256223871511,-0.0,1576595816550370931
-0.0,0.14096890112261892,0.17278759594743862,-0.5088495143138397,-0.0,1576595816560430049
-0.0,0.08055365778435367,0.18849555921538758,-0.4867256223871511,-0.0,1576595816570415973
-0.0,0.16110731556870733,0.20420352248333656,-0.4867256223871511,-0.0,1576595816580415010
-0.0,0.16110731556870733,0.15707963267948966,-0.4646017304604624,-0.0,1576595816590380907
-0.0,0.07048445056130946,0.20420352248333656,-0.5088495143138397,-0.0,1576595816600423097
-0.0,0.14096890112261892,0.18849555921538758,-0.4424778385337737,-0.0,1576595816610420942
-0.0,0.1510381083456631,0.15707963267948966,-0.4424778385337737,-0.0,1576595816620413064
-0.0,0.060415243338265257,0.21991148575128555,-0.4867256223871511,-0.0,1576595816630379915
-0.0,0.1510381083456631,0.20420352248333656,-0.4424778385337737,-0.0,1576595816640425920
-0.0,0.1510381083456631,0.15707963267948966,-0.420353946607085,-0.0,1576595816650408983
-0.0,0.05034603611522104,0.15707963267948966,-0.3761061627537077,-0.0,1576595816660356044
-0.0,0.16110731556870733,0.20420352248333656,-0.3761061627537077,-0.0,1576595816670399904
-0.0,0.060415243338265257,0.17278759594743862,-0.3982300546803963,-0.0,1576595816680449008
-0.0,0.1308996938995747,0.15707963267948966,-0.3982300546803963,-0.0,1576595816690426111
-0.0,0.08055365778435367,0.15707963267948966,-0.3761061627537077,-0.0,1576595816700393915
-0.0,0.07048445056130946,0.17278759594743862,-0.420353946607085,-0.0,1576595816710418939
-0.0,0.14096890112261892,0.17278759594743862,-0.35398227082701894,-0.0,1576595816720376014
-0.0,0.07048445056130946,0.07853981633974483,-0.3761061627537077,-0.0,1576595816730420112
-0.0,0.05034603611522104,0.17278759594743862,-0.3761061627537077,-0.0,1576595816740422010
-0.0,0.10069207223044208,0.17278759594743862,-0.3097344869736416,-0.0,1576595816750391006
-0.0,0.05034603611522104,0.09424777960769379,-0.2876105950469529,-0.0,1576595816760412931
-0.0,0.060415243338265257,0.15707963267948966,-0.3097344869736416,-0.0,1576595816770423889
-0.0,0.060415243338265257,0.17278759594743862,-0.3097344869736416,-0.0,1576595816780395030
-0.0,0.04027682889217683,0.07853981633974483,-0.2876105950469529,-0.0,1576595816790406942
-0.0,0.05034603611522104,0.1413716694115407,-0.24336281119357556,-0.0,1576595816800417900
-0.0,0.04027682889217683,0.15707963267948966,-0.2876105950469529,-0.0,1576595816810420989
-0.0,0.04027682889217683,0.06283185307179587,-0.24336281119357556,-0.0,1576595816820450067
-0.0,0.05034603611522104,0.12566370614359174,-0.17699113541350947,-0.0,1576595816830389976
-0.0,0.030207621669132628,0.07853981633974483,-0.19911502734019815,-0.0,1576595816840477943
-0.0,0.030207621669132628,0.12566370614359174,-0.22123891926688685,-0.0,1576595816850428104
-0.0,0.030207621669132628,0.07853981633974483,-0.22123891926688685,-0.0,1576595816860438108
-0.0,0.030207621669132628,0.06283185307179587,-0.1548672434868208,-0.0,1576595816870414972
-0.0,0.020138414446088417,0.10995574287564278,-0.06637167578006604,-0.0,1576595816880455970
-0.0,0.04027682889217683,0.047123889803846894,-0.08849556770675474,-0.0,1576595816890429019
-0.0,-0.0,0.031415926535897934,-0.1548672434868208,-0.0,1576595816900439977
-0.0,0.030207621669132628,0.10995574287564278,-0.19911502734019815,-0.0,1576595816910420894
-0.0,0.010069207223044208,0.06283185307179587,-0.17699113541350947,-0.0,1576595816920480966
-0.0,0.010069207223044208,0.047123889803846894,-0.08849556770675474,-0.0,1576595816930458068
-0.0,0.010069207223044208,0.031415926535897934,-0.0,-0.0,1576595816940435886
-0.0,0.010069207223044208,0.047123889803846894,0.04424778385337737,-0.0,1576595816950428009
-0.0,-0.0,0.031415926535897934,-0.04424778385337737,-0.0,1576595816960469007
-0.0,-0.0,0.031415926535897934,-0.1327433515601321,-0.0,1576595816970431089
-0.0,0.010069207223044208,0.015707963267948967,-0.06637167578006604,-0.0,1576595816980396032
-0.0,-0.0,0.0,0.08849556770675474,-0.0,1576595816990390062
-0.0,-0.0,0.0,0.04424778385337737,-0.0,1576595817000451087
-0.0,-0.0,0.0,-0.08849556770675474,-0.0,1576595817010416030
-0.0,-0.0,-0.015707963267948967,-0.022123891926688684,-0.0,1576595817020401000
-0.0,-0.0,0.0,0.08849556770675474,-0.0,1576595817030396938
-0.0,-0.0,-0.015707963267948967,0.06637167578006604,-0.0,1576595817040453910
-0.0,-0.0,-0.015707963267948967,-0.04424778385337737,-0.0,1576595817050446033
-0.0,0.010069207223044208,-0.047123889803846894,-0.022123891926688684,-0.0,1576595817060409069
-0.0,-0.0,-0.047123889803846894,0.06637167578006604,-0.0,1576595817070401906
-0.0,-0.0,-0.031415926535897934,0.11061945963344343,-0.0,1576595817080454111
-0.0,-0.0,-0.06283185307179587,0.06637167578006604,-0.0,1576595817090437889
-0.0,0.020138414446088417,-0.031415926535897934,0.06637167578006604,-0.0,1576595817100431919
-0.0,-0.0,-0.09424777960769379,0.04424778385337737,-0.0,1576595817110434055
-0.0,0.020138414446088417,-0.047123889803846894,0.06637167578006604,-0.0,1576595817120498895
-0.0,-0.0,-0.09424777960769379,0.11061945963344343,-0.0,1576595817130465984
-0.0,0.020138414446088417,-0.047123889803846894,0.11061945963344343,-0.0,1576595817140443086
-0.0,0.010069207223044208,-0.12566370614359174,0.11061945963344343,-0.0,1576595817150419950
-0.0,0.030207621669132628,-0.09424777960769379,0.08849556770675474,-0.0,1576595817160482883
-0.0,-0.0,-0.047123889803846894,0.04424778385337737,-0.0,1576595817170424938
-0.0,0.020138414446088417,-0.15707963267948966,0.08849556770675474,-0.0,1576595817180414915
-0.0,0.030207621669132628,-0.1413716694115407,0.1327433515601321,-0.0,1576595817190440893
-0.0,0.030207621669132628,-0.06283185307179587,0.1327433515601321,-0.0,1576595817200504064
-0.0,0.030207621669132628,-0.15707963267948966,0.04424778385337737,-0.0,1576595817210438013
-0.0,0.04027682889217683,-0.15707963267948966,0.022123891926688684,-0.0,1576595817220422983
-0.0,0.030207621669132628,-0.047123889803846894,0.11061945963344343,-0.0,1576595817230458021
-0.0,0.04027682889217683,-0.15707963267948966,0.1548672434868208,-0.0,1576595817240458011
-0.0,0.04027682889217683,-0.18849555921538758,0.1327433515601321,-0.0,1576595817250448942
-0.0,0.04027682889217683,-0.07853981633974483,0.1327433515601321,-0.0,1576595817260425090
-0.0,0.08055365778435367,-0.17278759594743862,0.11061945963344343,-0.0,1576595817272974014
-0.0,0.010069207223044208,-0.07853981633974483,0.04424778385337737,-0.0,1576595817280419111
-0.0,0.10069207223044208,-0.17278759594743862,0.06637167578006604,-0.0,1576595817290433883
-0.0,0.030207621669132628,-0.21991148575128555,0.1548672434868208,-0.0,1576595817300411939
-0.0,0.060415243338265257,-0.17278759594743862,0.1327433515601321,-0.0,1576595817310427904
-0.0,0.04027682889217683,-0.1413716694115407,0.04424778385337737,-0.0,1576595817320413112
-0.0,0.07048445056130946,-0.15707963267948966,0.022123891926688684,-0.0,1576595817330449104
-0.0,0.05034603611522104,-0.20420352248333656,0.08849556770675474,-0.0,1576595817340400934
-0.0,0.08055365778435367,-0.18849555921538758,0.1327433515601321,-0.0,1576595817350398063
-0.0,0.05034603611522104,-0.21991148575128555,0.1327433515601321,-0.0,1576595817360441923
-0.0,0.060415243338265257,-0.15707963267948966,0.08849556770675474,-0.0,1576595817370409011
-0.0,0.10069207223044208,-0.18849555921538758,0.04424778385337737,-0.0,1576595817380393028
-0.0,0.05034603611522104,-0.18849555921538758,0.022123891926688684,-0.0,1576595817390422105
-0.0,0.10069207223044208,-0.20420352248333656,0.11061945963344343,-0.0,1576595817400412082
-0.0,0.05034603611522104,-0.17278759594743862,0.11061945963344343,-0.0,1576595817410398006
-0.0,0.10069207223044208,-0.20420352248333656,0.06637167578006604,-0.0,1576595817420418024
-0.0,0.04027682889217683,-0.18849555921538758,0.022123891926688684,-0.0,1576595817430414915
-0.0,0.1308996938995747,-0.20420352248333656,-0.0,-0.0,1576595817440421104
-0.0,0.04027682889217683,-0.21991148575128555,0.06637167578006604,-0.0,1576595817450411081
-0.0,0.09062286500739787,-0.20420352248333656,0.11061945963344343,-0.0,1576595817460419893
-0.0,0.1308996938995747,-0.21991148575128555,0.04424778385337737,-0.0,1576595817470434904
-0.0,0.05034603611522104,-0.20420352248333656,-0.022123891926688684,-0.0,1576595817480458974
-0.0,0.1308996938995747,-0.18849555921538758,0.04424778385337737,-0.0,1576595817490418910
-0.0,0.060415243338265257,-0.21991148575128555,0.04424778385337737,-0.0,1576595817500395059
-0.0,0.10069207223044208,-0.20420352248333656,0.06637167578006604,-0.0,1576595817510415077
-0.0,0.07048445056130946,-0.20420352248333656,-0.0,-0.0,1576595817520440101
-0.0,0.10069207223044208,-0.20420352248333656,-0.04424778385337737,-0.0,1576595817530397891
-0.0,0.04027682889217683,-0.21991148575128555,-0.0,-0.0,1576595817540424108
-0.0,0.12083048667653051,-0.18849555921538758,0.08849556770675474,-0.0,1576595817550396919
-0.0,0.12083048667653051,-0.21991148575128555,0.022123891926688684,-0.0,1576595817560431957
-0.0,0.030207621669132628,-0.23561944901923448,-0.022123891926688684,-0.0,1576595817570429086
-0.0,0.12083048667653051,-0.17278759594743862,-0.0,-0.0,1576595817580389976
-0.0,0.060415243338265257,-0.20420352248333656,-0.0,-0.0,1576595817590404033
-0.0,0.1107612794534863,-0.23561944901923448,-0.0,-0.0,1576595817600435018
-0.0,0.04027682889217683,-0.21991148575128555,-0.022123891926688684,-0.0,1576595817610404014
-0.0,0.12083048667653051,-0.18849555921538758,-0.022123891926688684,-0.0,1576595817620398998
-0.0,0.04027682889217683,-0.20420352248333656,-0.022123891926688684,-0.0,1576595817630410909
-0.0,0.060415243338265257,-0.21991148575128555,-0.0,-0.0,1576595817640414953
-0.0,0.12083048667653051,-0.21991148575128555,-0.04424778385337737,-0.0,1576595817650386095
-0.0,0.04027682889217683,-0.18849555921538758,-0.06637167578006604,-0.0,1576595817660361051
-0.0,0.07048445056130946,-0.23561944901923448,-0.04424778385337737,-0.0,1576595817670361042
-0.0,0.07048445056130946,-0.20420352248333656,0.022123891926688684,-0.0,1576595817680444955
-0.0,0.060415243338265257,-0.15707963267948966,0.022123891926688684,-0.0,1576595817690418004
-0.0,0.060415243338265257,-0.18849555921538758,-0.04424778385337737,-0.0,1576595817700397968
-0.0,0.060415243338265257,-0.20420352248333656,-0.08849556770675474,-0.0,1576595817710392951
-0.0,0.04027682889217683,-0.18849555921538758,-0.04424778385337737,-0.0,1576595817720406055
-0.0,0.060415243338265257,-0.17278759594743862,-0.0,-0.0,1576595817730367898
-0.0,0.05034603611522104,-0.21991148575128555,-0.022123891926688684,-0.0,1576595817740376949
-0.0,0.05034603611522104,-0.15707963267948966,-0.06637167578006604,-0.0,1576595817750411033
-0.0,0.060415243338265257,-0.1413716694115407,-0.08849556770675474,-0.0,1576595817760447978
-0.0,0.030207621669132628,-0.15707963267948966,-0.06637167578006604,-0.0,1576595817770433902
-0.0,0.04027682889217683,-0.15707963267948966,-0.0,-0.0,1576595817780385017
-0.0,0.04027682889217683,-0.15707963267948966,-0.0,-0.0,1576595817790368080
-0.0,0.04027682889217683,-0.15707963267948966,-0.04424778385337737,-0.0,1576595817800410985
-0.0,0.030207621669132628,-0.09424777960769379,-0.06637167578006604,-0.0,1576595817810393095
-0.0,0.030207621669132628,-0.18849555921538758,-0.06637167578006604,-0.0,1576595817820379018
-0.0,0.030207621669132628,-0.17278759594743862,-0.0,-0.0,1576595817830389976
-0.0,0.030207621669132628,-0.07853981633974483,-0.0,-0.0,1576595817840466976
-0.0,0.030207621669132628,-0.15707963267948966,-0.04424778385337737,-0.0,1576595817850415945
-0.0,-0.0,-0.07853981633974483,-0.06637167578006604,-0.0,1576595817860445022
-0.0,0.030207621669132628,-0.1413716694115407,-0.04424778385337737,-0.0,1576595817870433092
-0.0,-0.0,-0.07853981633974483,-0.0,-0.0,1576595817880460977
-0.0,0.010069207223044208,-0.07853981633974483,-0.0,-0.0,1576595817890362977
-0.0,-0.0,-0.12566370614359174,-0.04424778385337737,-0.0,1576595817900383949
-0.0,0.020138414446088417,-0.06283185307179587,-0.06637167578006604,-0.0,1576595817910358905
-0.0,-0.0,-0.07853981633974483,-0.022123891926688684,-0.0,1576595817920402050
-0.0,-0.0,-0.06283185307179587,-0.0,-0.0,1576595817930383920
-0.0,-0.0,-0.06283185307179587,-0.0,-0.0,1576595817940362930
-0.0,-0.0,-0.047123889803846894,-0.022123891926688684,-0.0,1576595817950444936
-0.0,-0.0,-0.047123889803846894,-0.04424778385337737,-0.0,1576595817960448980
-0.0,0.010069207223044208,-0.031415926535897934,-0.0,-0.0,1576595817970443964
-0.0,-0.0,-0.015707963267948967,0.022123891926688684,-0.0,1576595817980371952
-0.0,-0.020138414446088417,-0.015707963267948967,-0.0,-0.0,1576595817990406990
-0.0,0.010069207223044208,0.0,-0.0,-0.0,1576595818000477075
-0.0,-0.0,0.0,-0.0,-0.0,1576595818010430097
-0.0,-0.0,0.031415926535897934,-0.0,-0.0,1576595818020426034
-0.0,-0.0,0.015707963267948967,-0.0,-0.0,1576595818030400991
-0.0,-0.0,0.015707963267948967,0.022123891926688684,-0.0,1576595818040437936
-0.0,-0.0,0.07853981633974483,0.022123891926688684,-0.0,1576595818050400972
-0.0,0.030207621669132628,0.015707963267948967,-0.0,-0.0,1576595818060372114
-0.0,-0.0,0.06283185307179587,0.022123891926688684,-0.0,1576595818070399999
-0.0,0.010069207223044208,0.015707963267948967,0.022123891926688684,-0.0,1576595818080432891
-0.0,0.020138414446088417,0.12566370614359174,0.04424778385337737,-0.0,1576595818090399026
-0.0,0.020138414446088417,0.06283185307179587,0.022123891926688684,-0.0,1576595818100367069
-0.0,0.020138414446088417,0.09424777960769379,0.022123891926688684,-0.0,1576595818110394954
-0.0,0.030207621669132628,0.12566370614359174,0.04424778385337737,-0.0,1576595818120455980
-0.0,0.030207621669132628,0.047123889803846894,0.022123891926688684,-0.0,1576595818130423069
-0.0,0.030207621669132628,0.12566370614359174,0.06637167578006604,-0.0,1576595818140413045
-0.0,0.04027682889217683,0.15707963267948966,0.08849556770675474,-0.0,1576595818150403976
-0.0,0.030207621669132628,0.1413716694115407,0.04424778385337737,-0.0,1576595818160419940
-0.0,0.030207621669132628,0.12566370614359174,-0.0,-0.0,1576595818170393943
-0.0,0.08055365778435367,0.17278759594743862,0.04424778385337737,-0.0,1576595818180367946
-0.0,0.020138414446088417,0.17278759594743862,0.06637167578006604,-0.0,1576595818190380096
-0.0,0.060415243338265257,0.18849555921538758,0.06637167578006604,-0.0,1576595818200449943
-0.0,0.020138414446088417,0.18849555921538758,-0.0,-0.0,1576595818210390090
-0.0,0.10069207223044208,0.17278759594743862,0.06637167578006604,-0.0,1576595818220383882
-0.0,0.060415243338265257,0.20420352248333656,0.11061945963344343,-0.0,1576595818230365991
-0.0,0.05034603611522104,0.18849555921538758,0.06637167578006604,-0.0,1576595818240412950
-0.0,0.14096890112261892,0.20420352248333656,0.04424778385337737,-0.0,1576595818250412940
-0.0,0.05034603611522104,0.21991148575128555,-0.0,-0.0,1576595818260427951
-0.0,0.060415243338265257,0.20420352248333656,0.08849556770675474,-0.0,1576595818270399093
-0.0,0.12083048667653051,0.21991148575128555,0.11061945963344343,-0.0,1576595818280463933
-0.0,0.07048445056130946,0.21991148575128555,0.08849556770675474,-0.0,1576595818290416955
-0.0,0.1107612794534863,0.25132741228718347,0.022123891926688684,-0.0,1576595818300429105
-0.0,0.08055365778435367,0.25132741228718347,0.022123891926688684,-0.0,1576595818310383081
-0.0,0.1510381083456631,0.26703537555513246,0.08849556770675474,-0.0,1576595818320410966
-0.0,0.1107612794534863,0.2827433388230814,0.08849556770675474,-0.0,1576595818330406904
-0.0,0.14096890112261892,0.25132741228718347,0.08849556770675474,-0.0,1576595818340388059
-0.0,0.07048445056130946,0.25132741228718347,0.06637167578006604,-0.0,1576595818350388050
-0.0,0.1510381083456631,0.2827433388230814,0.04424778385337737,-0.0,1576595818360419034
-0.0,0.12083048667653051,0.26703537555513246,0.06637167578006604,-0.0,1576595818370366096
-0.0,0.14096890112261892,0.2984513020910303,0.04424778385337737,-0.0,1576595818380361080
-0.0,0.07048445056130946,0.2827433388230814,0.04424778385337737,-0.0,1576595818390410900
-0.0,0.18124573001479574,0.2984513020910303,0.11061945963344343,-0.0,1576595818400412082
-0.0,0.19131493723783996,0.26703537555513246,0.06637167578006604,-0.0,1576595818410424947
-0.0,0.07048445056130946,0.32986722862692824,-0.022123891926688684,-0.0,1576595818420376062
-0.0,0.21145335168392837,0.3141592653589793,-0.0,-0.0,1576595818430372953
-0.0,0.19131493723783996,0.2827433388230814,0.06637167578006604,-0.0,1576595818440439939
-0.0,0.08055365778435367,0.3141592653589793,0.06637167578006604,-0.0,1576595818450400114
-0.0,0.19131493723783996,0.3141592653589793,0.022123891926688684,-0.0,1576595818460391998
-0.0,0.20138414446088415,0.2984513020910303,-0.0,-0.0,1576595818470371007
-0.0,0.19131493723783996,0.2827433388230814,0.022123891926688684,-0.0,1576595818480426073
-0.0,0.1308996938995747,0.32986722862692824,0.08849556770675474,-0.0,1576595818490361928
-0.0,0.19131493723783996,0.32986722862692824,0.08849556770675474,-0.0,1576595818500374078
-0.0,0.21145335168392837,0.3141592653589793,-0.0,-0.0,1576595818510391950
-0.0,0.21145335168392837,0.3141592653589793,-0.06637167578006604,-0.0,1576595818520421981
-0.0,0.19131493723783996,0.2827433388230814,0.022123891926688684,-0.0,1576595818530380964
-0.0,0.21145335168392837,0.3141592653589793,0.11061945963344343,-0.0,1576595818540385007
-0.0,0.16110731556870733,0.3141592653589793,0.04424778385337737,-0.0,1576595818550369977
-0.0,0.2315917661300168,0.32986722862692824,-0.04424778385337737,-0.0,1576595818560430049
-0.0,0.20138414446088415,0.2827433388230814,-0.04424778385337737,-0.0,1576595818570452928
-0.0,0.19131493723783996,0.3141592653589793,0.022123891926688684,-0.0,1576595818580400943
-0.0,0.24166097335306103,0.34557519189487723,0.06637167578006604,-0.0,1576595818590383052
-0.0,0.20138414446088415,0.2984513020910303,-0.0,-0.0,1576595818600491046
-0.0,0.21145335168392837,0.26703537555513246,-0.08849556770675474,-0.0,1576595818610450029
-0.0,0.19131493723783996,0.2984513020910303,-0.04424778385337737,-0.0,1576595818620414018
-0.0,0.21145335168392837,0.2827433388230814,0.04424778385337737,-0.0,1576595818630419015
-0.0,0.20138414446088415,0.2827433388230814,0.04424778385337737,-0.0,1576595818640431880
-0.0,0.19131493723783996,0.2984513020910303,-0.06637167578006604,-0.0,1576595818650398969
-0.0,0.21145335168392837,0.2827433388230814,-0.08849556770675474,-0.0,1576595818660375118
-0.0,0.21145335168392837,0.2827433388230814,-0.06637167578006604,-0.0,1576595818670408010
-0.0,0.20138414446088415,0.2984513020910303,-0.0,-0.0,1576595818680438041
-0.0,0.20138414446088415,0.23561944901923448,0.022123891926688684,-0.0,1576595818690366029
-0.0,0.2215225589069726,0.2827433388230814,-0.06637167578006604,-0.0,1576595818700366020
-0.0,0.18124573001479574,0.25132741228718347,-0.08849556770675474,-0.0,1576595818710367918
-0.0,0.17117652279175155,0.21991148575128555,-0.06637167578006604,-0.0,1576595818720426082
-0.0,0.19131493723783996,0.23561944901923448,-0.0,-0.0,1576595818730381965
-0.0,0.19131493723783996,0.25132741228718347,-0.022123891926688684,-0.0,1576595818740381956
-0.0,0.1510381083456631,0.21991148575128555,-0.08849556770675474,-0.0,1576595818750406026
-0.0,0.1510381083456631,0.21991148575128555,-0.11061945963344343,-0.0,1576595818760402917
-0.0,0.21145335168392837,0.17278759594743862,-0.08849556770675474,-0.0,1576595818770433902
-0.0,0.09062286500739787,0.18849555921538758,-0.06637167578006604,-0.0,1576595818780366897
-0.0,0.19131493723783996,0.25132741228718347,-0.0,-0.0,1576595818790352106
-0.0,0.20138414446088415,0.17278759594743862,-0.06637167578006604,-0.0,1576595818800371885
-0.0,0.16110731556870733,0.15707963267948966,-0.11061945963344343,-0.0,1576595818810436964
-0.0,0.060415243338265257,0.15707963267948966,-0.11061945963344343,-0.0,1576595818820386886
-0.0,0.21145335168392837,0.15707963267948966,-0.04424778385337737,-0.0,1576595818830391883
-0.0,0.09062286500739787,0.09424777960769379,-0.06637167578006604,-0.0,1576595818840428113
-0.0,0.14096890112261892,0.17278759594743862,-0.06637167578006604,-0.0,1576595818850411891
-0.0,0.17117652279175155,0.15707963267948966,-0.11061945963344343,-0.0,1576595818860367059
-0.0,0.04027682889217683,0.07853981633974483,-0.06637167578006604,-0.0,1576595818870395898
-0.0,0.16110731556870733,0.1413716694115407,-0.0,-0.0,1576595818880422115
-0.0,0.060415243338265257,0.09424777960769379,-0.04424778385337737,-0.0,1576595818890439033
-0.0,0.14096890112261892,0.06283185307179587,-0.08849556770675474,-0.0,1576595818900439977
-0.0,0.04027682889217683,0.07853981633974483,-0.06637167578006604,-0.0,1576595818910420894
-0.0,0.10069207223044208,0.07853981633974483,-0.04424778385337737,-0.0,1576595818920420885
-0.0,0.05034603611522104,0.06283185307179587,-0.06637167578006604,-0.0,1576595818930363893
-0.0,0.05034603611522104,0.047123889803846894,-0.04424778385337737,-0.0,1576595818940402984
-0.0,0.04027682889217683,0.047123889803846894,-0.022123891926688684,-0.0,1576595818950408935
-0.0,0.05034603611522104,0.031415926535897934,-0.04424778385337737,-0.0,1576595818960417985
-0.0,0.04027682889217683,0.06283185307179587,-0.04424778385337737,-0.0,1576595818970415115
-0.0,0.020138414446088417,0.0,-0.022123891926688684,-0.0,1576595818980396032
-0.0,0.010069207223044208,0.0,0.022123891926688684,-0.0,1576595818990408897
-0.0,-0.0,0.0,-0.022123891926688684,-0.0,1576595819000427961
-0.0,-0.0,0.0,-0.0,-0.0,1576595819010405063
-0.0,-0.020138414446088417,-0.015707963267948967,-0.0,-0.0,1576595819020432949
-0.0,-0.030207621669132628,-0.031415926535897934,0.04424778385337737,-0.0,1576595819030390024
-0.0,-0.0,0.0,0.022123891926688684,-0.0,1576595819040384054
-0.0,-0.07048445056130946,-0.06283185307179587,0.022123891926688684,-0.0,1576595819050367116
-0.0,-0.020138414446088417,-0.047123889803846894,0.04424778385337737,-0.0,1576595819060396909
-0.0,-0.09062286500739787,-0.015707963267948967,0.06637167578006604,-0.0,1576595819070372104
-0.0,-0.030207621669132628,-0.09424777960769379,0.04424778385337737,-0.0,1576595819080447912
-0.0,-0.09062286500739787,-0.06283185307179587,0.04424778385337737,-0.0,1576595819090399980
-0.0,-0.09062286500739787,-0.06283185307179587,0.08849556770675474,-0.0,1576595819100405931
-0.0,-0.08055365778435367,-0.09424777960769379,0.1327433515601321,-0.0,1576595819110418081
-0.0,-0.10069207223044208,-0.10995574287564278,0.06637167578006604,-0.0,1576595819120455026
-0.0,-0.09062286500739787,-0.015707963267948967,0.04424778385337737,-0.0,1576595819130409002
-0.0,-0.1308996938995747,-0.10995574287564278,0.11061945963344343,-0.0,1576595819140410900
-0.0,-0.1308996938995747,-0.1413716694115407,0.17699113541350947,-0.0,1576595819150386095
-0.0,-0.12083048667653051,-0.09424777960769379,0.22123891926688685,-0.0,1576595819160412073
-0.0,-0.1510381083456631,-0.09424777960769379,0.22123891926688685,-0.0,1576595819170416116
-0.0,-0.1510381083456631,-0.10995574287564278,0.17699113541350947,-0.0,1576595819180360078
-0.0,-0.16110731556870733,-0.12566370614359174,0.08849556770675474,-0.0,1576595819190339088
-0.0,-0.16110731556870733,-0.12566370614359174,0.08849556770675474,-0.0,1576595819200467109
-0.0,-0.18124573001479574,-0.1413716694115407,0.22123891926688685,-0.0,1576595819210419893
-0.0,-0.18124573001479574,-0.12566370614359174,0.2876105950469529,-0.0,1576595819220402956
-0.0,-0.18124573001479574,-0.15707963267948966,0.35398227082701894,-0.0,1576595819230393886
-0.0,-0.17117652279175155,-0.07853981633974483,0.2876105950469529,-0.0,1576595819240432024
-0.0,-0.2315917661300168,-0.15707963267948966,0.24336281119357556,-0.0,1576595819250422000
-0.0,-0.21145335168392837,-0.1413716694115407,0.19911502734019815,-0.0,1576595819260418891
-0.0,-0.19131493723783996,-0.1413716694115407,0.2654867031202642,-0.0,1576595819270385026
-0.0,-0.24166097335306103,-0.17278759594743862,0.35398227082701894,-0.0,1576595819280425071
-0.0,-0.2215225589069726,-0.12566370614359174,0.33185837890033026,-0.0,1576595819290399074
-0.0,-0.2718685950221936,-0.1413716694115407,0.3097344869736416,-0.0,1576595819300416946
-0.0,-0.2315917661300168,-0.1413716694115407,0.33185837890033026,-0.0,1576595819310400009
-0.0,-0.2718685950221936,-0.17278759594743862,0.33185837890033026,-0.0,1576595819320437908
-0.0,-0.21145335168392837,-0.1413716694115407,0.3097344869736416,-0.0,1576595819330382108
-0.0,-0.29200700946828206,-0.17278759594743862,0.35398227082701894,-0.0,1576595819340377092
-0.0,-0.24166097335306103,-0.06283185307179587,0.3761061627537077,-0.0,1576595819350347042
-0.0,-0.2517301805761052,-0.17278759594743862,0.3761061627537077,-0.0,1576595819360429048
-0.0,-0.29200700946828206,-0.18849555921538758,0.420353946607085,-0.0,1576595819370381116
-0.0,-0.2718685950221936,-0.07853981633974483,0.3982300546803963,-0.0,1576595819380374908
-0.0,-0.31214542391437045,-0.15707963267948966,0.3982300546803963,-0.0,1576595819390340089
-0.0,-0.28193780224523785,-0.15707963267948966,0.420353946607085,-0.0,1576595819400474071
-0.0,-0.28193780224523785,-0.15707963267948966,0.420353946607085,-0.0,1576595819410402059
-0.0,-0.24166097335306103,-0.047123889803846894,0.420353946607085,-0.0,1576595819420367956
-0.0,-0.3020762166913262,-0.15707963267948966,0.3982300546803963,-0.0,1576595819430402040
-0.0,-0.28193780224523785,-0.1413716694115407,0.4424778385337737,-0.0,1576595819440457105
-0.0,-0.28193780224523785,-0.07853981633974483,0.420353946607085,-0.0,1576595819450411081
-0.0,-0.31214542391437045,-0.1413716694115407,0.4646017304604624,-0.0,1576595819460407972
-0.0,-0.29200700946828206,-0.06283185307179587,0.4424778385337737,-0.0,1576595819470370054
-0.0,-0.29200700946828206,-0.09424777960769379,0.5088495143138397,-0.0,1576595819480444908
-0.0,-0.28193780224523785,-0.07853981633974483,0.4867256223871511,-0.0,1576595819490420103
-0.0,-0.29200700946828206,-0.12566370614359174,0.4867256223871511,-0.0,1576595819500399112
-0.0,-0.2718685950221936,-0.06283185307179587,0.4646017304604624,-0.0,1576595819510411977
-0.0,-0.31214542391437045,-0.047123889803846894,0.4646017304604624,-0.0,1576595819520478963
-0.0,-0.2718685950221936,-0.10995574287564278,0.4646017304604624,-0.0,1576595819530415058
-0.0,-0.3020762166913262,-0.07853981633974483,0.4646017304604624,-0.0,1576595819540396928
-0.0,-0.29200700946828206,-0.047123889803846894,0.5088495143138397,-0.0,1576595819550411939
-0.0,-0.2315917661300168,-0.06283185307179587,0.5088495143138397,-0.0,1576595819560439109
-0.0,-0.31214542391437045,-0.07853981633974483,0.4867256223871511,-0.0,1576595819570389032
-0.0,-0.28193780224523785,-0.047123889803846894,0.4867256223871511,-0.0,1576595819580429077
-0.0,-0.28193780224523785,-0.06283185307179587,0.4646017304604624,-0.0,1576595819590361118
-0.0,-0.24166097335306103,-0.031415926535897934,0.4646017304604624,-0.0,1576595819600414037
-0.0,-0.28193780224523785,-0.047123889803846894,0.4867256223871511,-0.0,1576595819610399961
-0.0,-0.28193780224523785,-0.06283185307179587,0.4867256223871511,-0.0,1576595819620383977
-0.0,-0.2617993877991494,-0.015707963267948967,0.4646017304604624,-0.0,1576595819630384922
-0.0,-0.24166097335306103,-0.015707963267948967,0.4646017304604624,-0.0,1576595819640445947
-0.0,-0.2215225589069726,-0.015707963267948967,0.4646017304604624,-0.0,1576595819650393962
-0.0,-0.2617993877991494,0.0,0.4646017304604624,-0.0,1576595819660420894
-0.0,-0.2517301805761052,0.0,0.4646017304604624,-0.0,1576595819670428991
-0.0,-0.2315917661300168,0.0,0.4646017304604624,-0.0,1576595819680447101
-0.0,-0.24166097335306103,-0.015707963267948967,0.4646017304604624,-0.0,1576595819690422058
-0.0,-0.2315917661300168,0.0,0.420353946607085,-0.0,1576595819700409889
-0.0,-0.24166097335306103,0.015707963267948967,0.4424778385337737,-0.0,1576595819710386037
-0.0,-0.24166097335306103,0.015707963267948967,0.4424778385337737,-0.0,1576595819720455884
-0.0,-0.21145335168392837,0.015707963267948967,0.3982300546803963,-0.0,1576595819730449914
-0.0,-0.19131493723783996,0.047123889803846894,0.3982300546803963,-0.0,1576595819740410089
-0.0,-0.19131493723783996,0.0,0.3982300546803963,-0.0,1576595819750389099
-0.0,-0.16110731556870733,0.06283185307179587,0.35398227082701894,-0.0,1576595819760391950
-0.0,-0.20138414446088415,0.031415926535897934,0.3761061627537077,-0.0,1576595819770442008
-0.0,-0.17117652279175155,0.015707963267948967,0.35398227082701894,-0.0,1576595819780416011
-0.0,-0.20138414446088415,0.07853981633974483,0.33185837890033026,-0.0,1576595819790419101
-0.0,-0.14096890112261892,0.031415926535897934,0.35398227082701894,-0.0,1576595819800401926
-0.0,-0.18124573001479574,0.031415926535897934,0.33185837890033026,-0.0,1576595819810369968
-0.0,-0.08055365778435367,0.06283185307179587,0.2876105950469529,-0.0,1576595819820405006
-0.0,-0.18124573001479574,0.031415926535897934,0.3097344869736416,-0.0,1576595819830394983
-0.0,-0.1510381083456631,0.031415926535897934,0.2876105950469529,-0.0,1576595819840456962
-0.0,-0.08055365778435367,0.06283185307179587,0.24336281119357556,-0.0,1576595819850404977
-0.0,-0.1308996938995747,0.0,0.19911502734019815,-0.0,1576595819860385894
-0.0,-0.060415243338265257,0.07853981633974483,0.22123891926688685,-0.0,1576595819870424985
-0.0,-0.1107612794534863,0.015707963267948967,0.24336281119357556,-0.0,1576595819880467891
-0.0,-0.07048445056130946,0.07853981633974483,0.19911502734019815,-0.0,1576595819890424966
-0.0,-0.12083048667653051,0.031415926535897934,0.11061945963344343,-0.0,1576595819900386095
-0.0,-0.060415243338265257,0.015707963267948967,0.08849556770675474,-0.0,1576595819910413026
-0.0,-0.10069207223044208,0.07853981633974483,0.1548672434868208,-0.0,1576595819920422077
-0.0,-0.04027682889217683,0.031415926535897934,0.19911502734019815,-0.0,1576595819930392026
-0.0,-0.04027682889217683,0.031415926535897934,0.1548672434868208,-0.0,1576595819940407991
-0.0,-0.05034603611522104,0.047123889803846894,0.022123891926688684,-0.0,1576595819950360059
-0.0,-0.04027682889217683,0.031415926535897934,-0.04424778385337737,-0.0,1576595819960414886
-0.0,-0.020138414446088417,0.015707963267948967,0.04424778385337737,-0.0,1576595819970336914
-0.0,-0.04027682889217683,0.031415926535897934,0.1327433515601321,-0.0,1576595819980391025
-0.0,-0.0,0.0,0.04424778385337737,-0.0,1576595819990410089
-0.0,-0.010069207223044208,0.0,-0.04424778385337737,-0.0,1576595820000464916
-0.0,-0.0,0.0,-0.06637167578006604,-0.0,1576595820010364055
-0.0,0.020138414446088417,-0.015707963267948967,0.04424778385337737,-0.0,1576595820020373106
-0.0,0.030207621669132628,-0.031415926535897934,0.04424778385337737,-0.0,1576595820030391931
-0.0,0.030207621669132628,-0.015707963267948967,-0.06637167578006604,-0.0,1576595820040406942
-0.0,0.030207621669132628,-0.031415926535897934,-0.11061945963344343,-0.0,1576595820050369977
-0.0,0.020138414446088417,-0.031415926535897934,-0.06637167578006604,-0.0,1576595820060368061
-0.0,0.08055365778435367,-0.047123889803846894,-0.04424778385337737,-0.0,1576595820070348024
-0.0,0.020138414446088417,-0.031415926535897934,-0.08849556770675474,-0.0,1576595820080434083
-0.0,0.08055365778435367,-0.09424777960769379,-0.1327433515601321,-0.0,1576595820090472936
-0.0,0.030207621669132628,-0.09424777960769379,-0.1327433515601321,-0.0,1576595820100394964
-0.0,0.08055365778435367,-0.031415926535897934,-0.17699113541350947,-0.0,1576595820110433101
-0.0,0.07048445056130946,-0.09424777960769379,-0.17699113541350947,-0.0,1576595820120441913
-0.0,0.030207621669132628,-0.07853981633974483,-0.19911502734019815,-0.0,1576595820130417108
-0.0,0.12083048667653051,-0.12566370614359174,-0.17699113541350947,-0.0,1576595820140399932
-0.0,0.04027682889217683,-0.09424777960769379,-0.1548672434868208,-0.0,1576595820150424003
-0.0,0.1308996938995747,-0.15707963267948966,-0.1548672434868208,-0.0,1576595820160439014
-0.0,0.05034603611522104,-0.10995574287564278,-0.22123891926688685,-0.0,1576595820170425891
-0.0,0.1510381083456631,-0.1413716694115407,-0.2654867031202642,-0.0,1576595820180397987
-0.0,0.12083048667653051,-0.17278759594743862,-0.2876105950469529,-0.0,1576595820190351963
-0.0,0.05034603611522104,-0.1413716694115407,-0.2876105950469529,-0.0,1576595820200423002
-0.0,0.1510381083456631,-0.15707963267948966,-0.22123891926688685,-0.0,1576595820210355043
-0.0,0.14096890112261892,-0.17278759594743862,-0.2654867031202642,-0.0,1576595820220413923
-0.0,0.07048445056130946,-0.15707963267948966,-0.33185837890033026,-0.0,1576595820230400085
-0.0,0.1510381083456631,-0.18849555921538758,-0.3097344869736416,-0.0,1576595820240427970
-0.0,0.1308996938995747,-0.20420352248333656,-0.3097344869736416,-0.0,1576595820250380992
-0.0,0.1107612794534863,-0.21991148575128555,-0.33185837890033026,-0.0,1576595820260365009
-0.0,0.1510381083456631,-0.23561944901923448,-0.33185837890033026,-0.0,1576595820270365953
-0.0,0.1510381083456631,-0.2827433388230814,-0.3097344869736416,-0.0,1576595820280456066
-0.0,0.1308996938995747,-0.26703537555513246,-0.33185837890033026,-0.0,1576595820290391921
-0.0,0.1510381083456631,-0.25132741228718347,-0.3761061627537077,-0.0,1576595820300357103
-0.0,0.16110731556870733,-0.26703537555513246,-0.35398227082701894,-0.0,1576595820310364007
-0.0,0.17117652279175155,-0.25132741228718347,-0.3982300546803963,-0.0,1576595820320450067
-0.0,0.07048445056130946,-0.26703537555513246,-0.420353946607085,-0.0,1576595820330416917
-0.0,0.2215225589069726,-0.2984513020910303,-0.3761061627537077,-0.0,1576595820340382099
-0.0,0.19131493723783996,-0.26703537555513246,-0.3761061627537077,-0.0,1576595820350406885
-0.0,0.08055365778435367,-0.2984513020910303,-0.420353946607085,-0.0,1576595820360415935
-0.0,0.17117652279175155,-0.2827433388230814,-0.3982300546803963,-0.0,1576595820370390892
-0.0,0.19131493723783996,-0.2984513020910303,-0.3761061627537077,-0.0,1576595820380374908
-0.0,0.14096890112261892,-0.3141592653589793,-0.4646017304604624,-0.0,1576595820390403032
-0.0,0.18124573001479574,-0.2984513020910303,-0.3982300546803963,-0.0,1576595820400401115
-0.0,0.17117652279175155,-0.2984513020910303,-0.4424778385337737,-0.0,1576595820410398006
-0.0,0.1510381083456631,-0.32986722862692824,-0.4424778385337737,-0.0,1576595820420361995
-0.0,0.16110731556870733,-0.2827433388230814,-0.4424778385337737,-0.0,1576595820430358886
-0.0,0.16110731556870733,-0.3141592653589793,-0.4424778385337737,-0.0,1576595820440404891
-0.0,0.19131493723783996,-0.3612831551628262,-0.4424778385337737,-0.0,1576595820450404882
-0.0,0.16110731556870733,-0.32986722862692824,-0.4646017304604624,-0.0,1576595820460382938
-0.0,0.14096890112261892,-0.3141592653589793,-0.4424778385337737,-0.0,1576595820470380067
-0.0,0.1308996938995747,-0.2984513020910303,-0.420353946607085,-0.0,1576595820480423927
-0.0,0.17117652279175155,-0.32986722862692824,-0.4646017304604624,-0.0,1576595820490395069
-0.0,0.18124573001479574,-0.3612831551628262,-0.4424778385337737,-0.0,1576595820500370979
-0.0,0.16110731556870733,-0.34557519189487723,-0.4424778385337737,-0.0,1576595820510386943
-0.0,0.14096890112261892,-0.32986722862692824,-0.4646017304604624,-0.0,1576595820520421028
-0.0,0.18124573001479574,-0.32986722862692824,-0.4867256223871511,-0.0,1576595820530421018
-0.0,0.16110731556870733,-0.32986722862692824,-0.4867256223871511,-0.0,1576595820540359973
-0.0,0.16110731556870733,-0.3141592653589793,-0.4646017304604624,-0.0,1576595820550390958
-0.0,0.14096890112261892,-0.32986722862692824,-0.4646017304604624,-0.0,1576595820560431003
-0.0,0.16110731556870733,-0.3141592653589793,-0.420353946607085,-0.0,1576595820570420026
-0.0,0.16110731556870733,-0.2984513020910303,-0.3982300546803963,-0.0,1576595820580425024
-0.0,0.16110731556870733,-0.3141592653589793,-0.5088495143138397,-0.0,1576595820590359926
-0.0,0.08055365778435367,-0.2984513020910303,-0.4424778385337737,-0.0,1576595820600410938
-0.0,0.17117652279175155,-0.2984513020910303,-0.4424778385337737,-0.0,1576595820610409021
-0.0,0.18124573001479574,-0.3141592653589793,-0.4424778385337737,-0.0,1576595820620393991
-0.0,0.1308996938995747,-0.34557519189487723,-0.420353946607085,-0.0,1576595820630418062
-0.0,0.14096890112261892,-0.2827433388230814,-0.4424778385337737,-0.0,1576595820640476942
-0.0,0.10069207223044208,-0.26703537555513246,-0.3982300546803963,-0.0,1576595820650422096
-0.0,0.1510381083456631,-0.25132741228718347,-0.3982300546803963,-0.0,1576595820660407066
-0.0,0.17117652279175155,-0.26703537555513246,-0.3982300546803963,-0.0,1576595820670428037
-0.0,0.04027682889217683,-0.25132741228718347,-0.3982300546803963,-0.0,1576595820680517911
-0.0,0.18124573001479574,-0.25132741228718347,-0.3761061627537077,-0.0,1576595820690433025
-0.0,0.18124573001479574,-0.21991148575128555,-0.3761061627537077,-0.0,1576595820700333118
-0.0,0.05034603611522104,-0.20420352248333656,-0.3761061627537077,-0.0,1576595820710398912
-0.0,0.14096890112261892,-0.21991148575128555,-0.35398227082701894,-0.0,1576595820720483064
-0.0,0.1510381083456631,-0.23561944901923448,-0.3761061627537077,-0.0,1576595820730437040
-0.0,0.060415243338265257,-0.20420352248333656,-0.3761061627537077,-0.0,1576595820740453958
-0.0,0.14096890112261892,-0.15707963267948966,-0.33185837890033026,-0.0,1576595820750360012
-0.0,0.14096890112261892,-0.18849555921538758,-0.33185837890033026,-0.0,1576595820760406970
-0.0,0.04027682889217683,-0.18849555921538758,-0.33185837890033026,-0.0,1576595820770389080
-0.0,0.1510381083456631,-0.07853981633974483,-0.33185837890033026,-0.0,1576595820780396938
-0.0,0.05034603611522104,-0.1413716694115407,-0.33185837890033026,-0.0,1576595820790397882
-0.0,0.1308996938995747,-0.20420352248333656,-0.2654867031202642,-0.0,1576595820800404071
-0.0,0.1308996938995747,-0.1413716694115407,-0.24336281119357556,-0.0,1576595820810421943
-0.0,0.04027682889217683,-0.06283185307179587,-0.2876105950469529,-0.0,1576595820820450067
-0.0,0.12083048667653051,-0.15707963267948966,-0.3097344869736416,-0.0,1576595820830363035
-0.0,0.060415243338265257,-0.09424777960769379,-0.22123891926688685,-0.0,1576595820840440988
-0.0,0.04027682889217683,-0.06283185307179587,-0.19911502734019815,-0.0,1576595820850405931
-0.0,0.1107612794534863,-0.12566370614359174,-0.19911502734019815,-0.0,1576595820860388040
-0.0,0.05034603611522104,-0.07853981633974483,-0.22123891926688685,-0.0,1576595820870389938
-0.0,0.05034603611522104,-0.031415926535897934,-0.19911502734019815,-0.0,1576595820880446910
-0.0,0.08055365778435367,-0.10995574287564278,-0.08849556770675474,-0.0,1576595820890434026
-0.0,0.05034603611522104,-0.047123889803846894,-0.11061945963344343,-0.0,1576595820900401115
-0.0,0.04027682889217683,-0.047123889803846894,-0.19911502734019815,-0.0,1576595820910446882
-0.0,0.07048445056130946,-0.031415926535897934,-0.22123891926688685,-0.0,1576595820920371055
-0.0,0.030207621669132628,-0.047123889803846894,-0.1327433515601321,-0.0,1576595820930403947
-0.0,0.04027682889217683,-0.047123889803846894,-0.06637167578006604,-0.0,1576595820940450906
-0.0,0.030207621669132628,-0.015707963267948967,-0.022123891926688684,-0.0,1576595820950395107
-0.0,0.04027682889217683,-0.015707963267948967,-0.022123891926688684,-0.0,1576595820960443973
-0.0,0.020138414446088417,-0.015707963267948967,-0.1327433515601321,-0.0,1576595820970410108
-0.0,-0.0,-0.031415926535897934,-0.11061945963344343,-0.0,1576595820980426073
-0.0,0.010069207223044208,0.0,0.022123891926688684,-0.0,1576595820990400075
-0.0,-0.0,0.0,0.06637167578006604,-0.0,1576595821000473022
-0.0,-0.010069207223044208,0.0,-0.0,-0.0,1576595821010437965
-0.0,-0.030207621669132628,0.0,-0.04424778385337737,-0.0,1576595821020433902
-0.0,-0.020138414446088417,0.0,0.022123891926688684,-0.0,1576595821030422925
-0.0,-0.020138414446088417,0.015707963267948967,0.08849556770675474,-0.0,1576595821040419101
-0.0,-0.030207621669132628,0.0,0.11061945963344343,-0.0,1576595821050453901
-0.0,-0.020138414446088417,0.015707963267948967,0.08849556770675474,-0.0,1576595821060374975
-0.0,-0.030207621669132628,0.0,0.04424778385337737,-0.0,1576595821070362091
-0.0,-0.030207621669132628,0.015707963267948967,0.06637167578006604,-0.0,1576595821080463886
-0.0,-0.04027682889217683,-0.015707963267948967,0.1327433515601321,-0.0,1576595821090368986
-0.0,-0.08055365778435367,0.031415926535897934,0.1548672434868208,-0.0,1576595821100385904
-0.0,-0.030207621669132628,-0.015707963267948967,0.17699113541350947,-0.0,1576595821110373020
-0.0,-0.08055365778435367,0.0,0.17699113541350947,-0.0,1576595821120413064
-0.0,-0.030207621669132628,0.031415926535897934,0.22123891926688685,-0.0,1576595821130408048
-0.0,-0.10069207223044208,-0.015707963267948967,0.22123891926688685,-0.0,1576595821140373945
-0.0,-0.020138414446088417,-0.015707963267948967,0.19911502734019815,-0.0,1576595821150386095
-0.0,-0.1107612794534863,-0.015707963267948967,0.1548672434868208,-0.0,1576595821160414934
-0.0,-0.05034603611522104,-0.015707963267948967,0.19911502734019815,-0.0,1576595821170406103
-0.0,-0.1107612794534863,-0.031415926535897934,0.2876105950469529,-0.0,1576595821180409908
-0.0,-0.05034603611522104,-0.031415926535897934,0.33185837890033026,-0.0,1576595821190396070
-0.0,-0.12083048667653051,-0.047123889803846894,0.2654867031202642,-0.0,1576595821200479030
-0.0,-0.12083048667653051,-0.047123889803846894,0.2654867031202642,-0.0,1576595821210406064
-0.0,-0.04027682889217683,-0.031415926535897934,0.33185837890033026,-0.0,1576595821220401048
-0.0,-0.1510381083456631,-0.09424777960769379,0.33185837890033026,-0.0,1576595821230397939
-0.0,-0.05034603611522104,-0.031415926535897934,0.33185837890033026,-0.0,1576595821240443944
-0.0,-0.1510381083456631,-0.06283185307179587,0.3097344869736416,-0.0,1576595821250459909
-0.0,-0.060415243338265257,-0.09424777960769379,0.3761061627537077,-0.0,1576595821260401010
-0.0,-0.12083048667653051,-0.047123889803846894,0.3761061627537077,-0.0,1576595821270409107
-0.0,-0.1510381083456631,-0.07853981633974483,0.35398227082701894,-0.0,1576595821280375003
-0.0,-0.060415243338265257,-0.06283185307179587,0.420353946607085,-0.0,1576595821290438890
-0.0,-0.16110731556870733,-0.1413716694115407,0.3761061627537077,-0.0,1576595821300381898
-0.0,-0.07048445056130946,-0.047123889803846894,0.4424778385337737,-0.0,1576595821310405969
-0.0,-0.16110731556870733,-0.18849555921538758,0.420353946607085,-0.0,1576595821320441007
-0.0,-0.07048445056130946,-0.10995574287564278,0.420353946607085,-0.0,1576595821330425977
-0.0,-0.17117652279175155,-0.15707963267948966,0.420353946607085,-0.0,1576595821340419054
-0.0,-0.14096890112261892,-0.07853981633974483,0.4424778385337737,-0.0,1576595821350383043
-0.0,-0.07048445056130946,-0.15707963267948966,0.4424778385337737,-0.0,1576595821360426902
-0.0,-0.17117652279175155,-0.15707963267948966,0.420353946607085,-0.0,1576595821370421886
-0.0,-0.1308996938995747,-0.1413716694115407,0.4646017304604624,-0.0,1576595821380422115
-0.0,-0.1107612794534863,-0.23561944901923448,0.5088495143138397,-0.0,1576595821390418052
-0.0,-0.14096890112261892,-0.17278759594743862,0.4646017304604624,-0.0,1576595821400408029
-0.0,-0.1308996938995747,-0.18849555921538758,0.4867256223871511,-0.0,1576595821410392045
-0.0,-0.07048445056130946,-0.15707963267948966,0.4867256223871511,-0.0,1576595821420413017
-0.0,-0.18124573001479574,-0.20420352248333656,0.4424778385337737,-0.0,1576595821430425882
-0.0,-0.07048445056130946,-0.17278759594743862,0.5088495143138397,-0.0,1576595821440424919
-0.0,-0.17117652279175155,-0.18849555921538758,0.4867256223871511,-0.0,1576595821450412034
-0.0,-0.1107612794534863,-0.17278759594743862,0.4867256223871511,-0.0,1576595821460408926
-0.0,-0.12083048667653051,-0.18849555921538758,0.5088495143138397,-0.0,1576595821470400094
-0.0,-0.1308996938995747,-0.21991148575128555,0.5309734062405284,-0.0,1576595821480433940
-0.0,-0.12083048667653051,-0.26703537555513246,0.4867256223871511,-0.0,1576595821490411043
-0.0,-0.1308996938995747,-0.25132741228718347,0.5088495143138397,-0.0,1576595821500370025
-0.0,-0.060415243338265257,-0.21991148575128555,0.5088495143138397,-0.0,1576595821510406017
-0.0,-0.16110731556870733,-0.25132741228718347,0.4646017304604624,-0.0,1576595821520422935
-0.0,-0.1107612794534863,-0.21991148575128555,0.4867256223871511,-0.0,1576595821530427932
-0.0,-0.05034603611522104,-0.23561944901923448,0.4867256223871511,-0.0,1576595821540400028
-0.0,-0.16110731556870733,-0.23561944901923448,0.4867256223871511,-0.0,1576595821550410032
-0.0,-0.07048445056130946,-0.26703537555513246,0.4867256223871511,-0.0,1576595821560437917
-0.0,-0.1107612794534863,-0.26703537555513246,0.4646017304604624,-0.0,1576595821570384025
-0.0,-0.07048445056130946,-0.26703537555513246,0.4646017304604624,-0.0,1576595821580405950
-0.0,-0.1308996938995747,-0.25132741228718347,0.4867256223871511,-0.0,1576595821590380907
-0.0,-0.05034603611522104,-0.23561944901923448,0.5088495143138397,-0.0,1576595821600408077
-0.0,-0.1308996938995747,-0.23561944901923448,0.4646017304604624,-0.0,1576595821610466003
-0.0,-0.04027682889217683,-0.25132741228718347,0.4646017304604624,-0.0,1576595821620429992
-0.0,-0.1107612794534863,-0.25132741228718347,0.420353946607085,-0.0,1576595821630387067
-0.0,-0.09062286500739787,-0.25132741228718347,0.420353946607085,-0.0,1576595821640460014
-0.0,-0.04027682889217683,-0.2827433388230814,0.4646017304604624,-0.0,1576595821650427103
-0.0,-0.1107612794534863,-0.25132741228718347,0.3982300546803963,-0.0,1576595821660402059
-0.0,-0.060415243338265257,-0.26703537555513246,0.420353946607085,-0.0,1576595821670352935
-0.0,-0.05034603611522104,-0.23561944901923448,0.3982300546803963,-0.0,1576595821680417060
-0.0,-0.05034603611522104,-0.26703537555513246,0.35398227082701894,-0.0,1576595821690432071
-0.0,-0.060415243338265257,-0.23561944901923448,0.3761061627537077,-0.0,1576595821700381040
-0.0,-0.05034603611522104,-0.25132741228718347,0.3761061627537077,-0.0,1576595821710402011
-0.0,-0.060415243338265257,-0.21991148575128555,0.33185837890033026,-0.0,1576595821720412969
-0.0,-0.05034603611522104,-0.23561944901923448,0.35398227082701894,-0.0,1576595821730403900
-0.0,-0.04027682889217683,-0.21991148575128555,0.2876105950469529,-0.0,1576595821740398883
-0.0,-0.030207621669132628,-0.21991148575128555,0.2876105950469529,-0.0,1576595821750365972
-0.0,-0.060415243338265257,-0.21991148575128555,0.3097344869736416,-0.0,1576595821760443925
-0.0,-0.04027682889217683,-0.20420352248333656,0.3097344869736416,-0.0,1576595821770412921
-0.0,-0.04027682889217683,-0.18849555921538758,0.2654867031202642,-0.0,1576595821780389070
-0.0,-0.030207621669132628,-0.20420352248333656,0.24336281119357556,-0.0,1576595821790393114
-0.0,-0.020138414446088417,-0.18849555921538758,0.2876105950469529,-0.0,1576595821800426006
-0.0,-0.04027682889217683,-0.20420352248333656,0.2876105950469529,-0.0,1576595821810398101
-0.0,-0.0,-0.17278759594743862,0.22123891926688685,-0.0,1576595821820386886
-0.0,-0.04027682889217683,-0.12566370614359174,0.1548672434868208,-0.0,1576595821830409049
-0.0,-0.010069207223044208,-0.18849555921538758,0.19911502734019815,-0.0,1576595821840461969
-0.0,-0.020138414446088417,-0.1413716694115407,0.2654867031202642,-0.0,1576595821850368022
-0.0,-0.0,-0.10995574287564278,0.19911502734019815,-0.0,1576595821860409021
-0.0,-0.020138414446088417,-0.15707963267948966,0.06637167578006604,-0.0,1576595821870394945
-0.0,-0.0,-0.06283185307179587,0.04424778385337737,-0.0,1576595821880475997
-0.0,-0.0,-0.1413716694115407,0.1327433515601321,-0.0,1576595821890397071
-0.0,-0.0,-0.09424777960769379,0.1548672434868208,-0.0,1576595821900360107
-0.0,-0.0,-0.06283185307179587,0.1548672434868208,-0.0,1576595821910423040
-0.0,-0.010069207223044208,-0.1413716694115407,0.1327433515601321,-0.0,1576595821920458078
-0.0,-0.0,-0.047123889803846894,0.06637167578006604,-0.0,1576595821930449008
-0.0,-0.0,-0.06283185307179587,-0.0,-0.0,1576595821940428018
-0.0,-0.0,-0.06283185307179587,0.022123891926688684,-0.0,1576595821950412034
-0.0,-0.0,-0.047123889803846894,0.08849556770675474,-0.0,1576595821960458040
-0.0,0.010069207223044208,-0.047123889803846894,0.06637167578006604,-0.0,1576595821970431089
-0.0,-0.010069207223044208,0.0,-0.022123891926688684,-0.0,1576595821980415105
-0.0,0.010069207223044208,-0.015707963267948967,-0.04424778385337737,-0.0,1576595821990370035
-0.0,-0.0,0.0,0.04424778385337737,-0.0,1576595822000473022
-0.0,-0.0,0.0,0.04424778385337737,-0.0,1576595822010387897
-0.0,-0.0,0.015707963267948967,-0.022123891926688684,-0.0,1576595822020404100
-0.0,-0.0,0.015707963267948967,-0.06637167578006604,-0.0,1576595822030401945
-0.0,-0.0,0.015707963267948967,-0.022123891926688684,-0.0,1576595822040472030
-0.0,-0.020138414446088417,0.06283185307179587,0.04424778385337737,-0.0,1576595822050403118
-0.0,-0.010069207223044208,0.015707963267948967,-0.04424778385337737,-0.0,1576595822060403108
-0.0,-0.020138414446088417,0.06283185307179587,-0.08849556770675474,-0.0,1576595822070415973
-0.0,-0.0,0.047123889803846894,-0.11061945963344343,-0.0,1576595822080415964
-0.0,-0.04027682889217683,0.09424777960769379,-0.04424778385337737,-0.0,1576595822090373039
-0.0,-0.010069207223044208,0.09424777960769379,-0.0,-0.0,1576595822100387096
-0.0,-0.04027682889217683,0.047123889803846894,-0.06637167578006604,-0.0,1576595822110397100
-0.0,-0.020138414446088417,0.1413716694115407,-0.11061945963344343,-0.0,1576595822120466947
-0.0,-0.04027682889217683,0.12566370614359174,-0.1327433515601321,-0.0,1576595822130392074
-0.0,-0.030207621669132628,0.12566370614359174,-0.11061945963344343,-0.0,1576595822140431880
-0.0,-0.030207621669132628,0.047123889803846894,-0.08849556770675474,-0.0,1576595822150389909
-0.0,-0.04027682889217683,0.1413716694115407,-0.0,-0.0,1576595822160419940
-0.0,-0.020138414446088417,0.17278759594743862,-0.08849556770675474,-0.0,1576595822170392990
-0.0,-0.05034603611522104,0.07853981633974483,-0.1548672434868208,-0.0,1576595822180387020
-0.0,-0.020138414446088417,0.15707963267948966,-0.17699113541350947,-0.0,1576595822190371036
-0.0,-0.05034603611522104,0.18849555921538758,-0.08849556770675474,-0.0,1576595822200463056
-0.0,-0.04027682889217683,0.12566370614359174,0.022123891926688684,-0.0,1576595822210397005
-0.0,-0.05034603611522104,0.17278759594743862,-0.04424778385337737,-0.0,1576595822220408916
-0.0,-0.05034603611522104,0.20420352248333656,-0.1327433515601321,-0.0,1576595822230398893
-0.0,-0.05034603611522104,0.17278759594743862,-0.17699113541350947,-0.0,1576595822240447044
-0.0,-0.05034603611522104,0.1413716694115407,-0.17699113541350947,-0.0,1576595822250444889
-0.0,-0.060415243338265257,0.18849555921538758,-0.11061945963344343,-0.0,1576595822260432958
-0.0,-0.060415243338265257,0.20420352248333656,-0.06637167578006604,-0.0,1576595822270391941
-0.0,-0.060415243338265257,0.15707963267948966,-0.11061945963344343,-0.0,1576595822280487060
-0.0,-0.060415243338265257,0.20420352248333656,-0.1327433515601321,-0.0,1576595822290442943
-0.0,-0.04027682889217683,0.17278759594743862,-0.1327433515601321,-0.0,1576595822300435066
-0.0,-0.12083048667653051,0.17278759594743862,-0.08849556770675474,-0.0,1576595822310408115
-0.0,-0.05034603611522104,0.20420352248333656,-0.06637167578006604,-0.0,1576595822320432901
-0.0,-0.07048445056130946,0.18849555921538758,-0.11061945963344343,-0.0,1576595822330421924
-0.0,-0.14096890112261892,0.21991148575128555,-0.1548672434868208,-0.0,1576595822340413093
-0.0,-0.030207621669132628,0.20420352248333656,-0.1548672434868208,-0.0,1576595822350431919
-0.0,-0.12083048667653051,0.15707963267948966,-0.1327433515601321,-0.0,1576595822360416889
-0.0,-0.04027682889217683,0.18849555921538758,-0.06637167578006604,-0.0,1576595822370410919
-0.0,-0.1107612794534863,0.21991148575128555,-0.08849556770675474,-0.0,1576595822380386114
-0.0,-0.05034603611522104,0.18849555921538758,-0.1327433515601321,-0.0,1576595822390324115
-0.0,-0.1107612794534863,0.17278759594743862,-0.08849556770675474,-0.0,1576595822400433063
-0.0,-0.04027682889217683,0.18849555921538758,-0.04424778385337737,-0.0,1576595822410398006
-0.0,-0.1107612794534863,0.1413716694115407,-0.06637167578006604,-0.0,1576595822420367956
-0.0,-0.04027682889217683,0.17278759594743862,-0.11061945963344343,-0.0,1576595822430418014
-0.0,-0.10069207223044208,0.18849555921538758,-0.1327433515601321,-0.0,1576595822440418004
-0.0,-0.060415243338265257,0.20420352248333656,-0.1327433515601321,-0.0,1576595822450354099
-0.0,-0.09062286500739787,0.1413716694115407,-0.06637167578006604,-0.0,1576595822460366010
-0.0,-0.08055365778435367,0.18849555921538758,-0.04424778385337737,-0.0,1576595822470391988
-0.0,-0.07048445056130946,0.17278759594743862,-0.06637167578006604,-0.0,1576595822480421066
-0.0,-0.10069207223044208,0.12566370614359174,-0.1327433515601321,-0.0,1576595822490406036
-0.0,-0.04027682889217683,0.1413716694115407,-0.11061945963344343,-0.0,1576595822500453948
-0.0,-0.10069207223044208,0.1413716694115407,-0.04424778385337737,-0.0,1576595822510409116
-0.0,-0.04027682889217683,0.17278759594743862,-0.0,-0.0,1576595822520417928
-0.0,-0.060415243338265257,0.06283185307179587,-0.06637167578006604,-0.0,1576595822530416011
-0.0,-0.10069207223044208,0.17278759594743862,-0.11061945963344343,-0.0,1576595822540369987
-0.0,-0.05034603611522104,0.15707963267948966,-0.1327433515601321,-0.0,1576595822550347089
-0.0,-0.10069207223044208,0.07853981633974483,-0.022123891926688684,-0.0,1576595822560447931
-0.0,-0.030207621669132628,0.1413716694115407,0.022123891926688684,-0.0,1576595822570410013
-0.0,-0.09062286500739787,0.1413716694115407,-0.06637167578006604,-0.0,1576595822580394029
-0.0,-0.030207621669132628,0.06283185307179587,-0.11061945963344343,-0.0,1576595822590368032
-0.0,-0.060415243338265257,0.10995574287564278,-0.1327433515601321,-0.0,1576595822600411891
-0.0,-0.07048445056130946,0.07853981633974483,-0.06637167578006604,-0.0,1576595822610357046
-0.0,-0.04027682889217683,0.07853981633974483,-0.0,-0.0,1576595822620359897
-0.0,-0.05034603611522104,0.10995574287564278,-0.0,-0.0,1576595822630371093
-0.0,-0.04027682889217683,0.047123889803846894,-0.08849556770675474,-0.0,1576595822640458106
-0.0,-0.030207621669132628,0.07853981633974483,-0.08849556770675474,-0.0,1576595822650387048
-0.0,-0.04027682889217683,0.047123889803846894,-0.04424778385337737,-0.0,1576595822660396099
-0.0,-0.05034603611522104,0.06283185307179587,-0.0,-0.0,1576595822670367002
-0.0,-0.04027682889217683,0.06283185307179587,0.022123891926688684,-0.0,1576595822680476903
-0.0,-0.010069207223044208,0.031415926535897934,-0.06637167578006604,-0.0,1576595822690399885
-0.0,-0.020138414446088417,0.031415926535897934,-0.11061945963344343,-0.0,1576595822700392007
-0.0,-0.010069207223044208,0.031415926535897934,-0.04424778385337737,-0.0,1576595822710336923
-0.0,-0.030207621669132628,0.0,0.04424778385337737,-0.0,1576595822720366954
-0.0,-0.0,0.031415926535897934,-0.0,-0.0,1576595822730444908
-0.0,-0.0,0.0,-0.08849556770675474,-0.0,1576595822740372896
-0.0,-0.0,0.0,-0.06637167578006604,-0.0,1576595822750399112
-0.0,-0.0,0.015707963267948967,-0.0,-0.0,1576595822760457038
-0.0,-0.0,0.0,0.022123891926688684,-0.0,1576595822770349025
-0.0,-0.0,0.0,-0.04424778385337737,-0.0,1576595822780342102
-0.0,0.020138414446088417,-0.015707963267948967,-0.08849556770675474,-0.0,1576595822790349960
-0.0,-0.0,-0.015707963267948967,-0.022123891926688684,-0.0,1576595822800461053
-0.0,0.020138414446088417,-0.015707963267948967,0.022123891926688684,-0.0,1576595822810389041
-0.0,0.010069207223044208,-0.031415926535897934,-0.0,-0.0,1576595822820413112
-0.0,0.020138414446088417,-0.031415926535897934,-0.04424778385337737,-0.0,1576595822830424070
-0.0,0.020138414446088417,-0.031415926535897934,-0.06637167578006604,-0.0,1576595822840429067
-0.0,0.030207621669132628,-0.015707963267948967,-0.022123891926688684,-0.0,1576595822850410938
-0.0,0.020138414446088417,-0.031415926535897934,0.022123891926688684,-0.0,1576595822860409975
-0.0,0.020138414446088417,-0.015707963267948967,-0.0,-0.0,1576595822870383024
-0.0,0.020138414446088417,-0.031415926535897934,-0.06637167578006604,-0.0,1576595822880443096
-0.0,0.030207621669132628,-0.031415926535897934,-0.04424778385337737,-0.0,1576595822890444040
-0.0,0.020138414446088417,-0.031415926535897934,0.022123891926688684,-0.0,1576595822900418043
-0.0,0.030207621669132628,-0.031415926535897934,-0.0,-0.0,1576595822910401105
-0.0,0.030207621669132628,-0.031415926535897934,-0.04424778385337737,-0.0,1576595822920417070
-0.0,0.030207621669132628,-0.015707963267948967,-0.022123891926688684,-0.0,1576595822930403947
-0.0,0.020138414446088417,-0.031415926535897934,0.04424778385337737,-0.0,1576595822940402030
-0.0,0.020138414446088417,-0.031415926535897934,-0.0,-0.0,1576595822950396060
-0.0,0.010069207223044208,-0.031415926535897934,-0.04424778385337737,-0.0,1576595822960445880
-0.0,0.020138414446088417,-0.015707963267948967,-0.022123891926688684,-0.0,1576595822970402002
-0.0,-0.0,-0.015707963267948967,0.022123891926688684,-0.0,1576595822980376005
-0.0,-0.0,0.015707963267948967,0.022123891926688684,-0.0,1576595822990364074
-0.0,-0.0,-0.015707963267948967,-0.0,-0.0,1576595823000422000
-0.0,-0.0,0.015707963267948967,-0.0,-0.0,1576595823010394096
-0.0,-0.0,0.0,-0.0,-0.0,1576595823020375967
-0.0,-0.04027682889217683,0.0,-0.022123891926688684,-0.0,1576595823030421018
-0.0,-0.0,0.047123889803846894,-0.0,-0.0,1576595823040436029
-0.0,-0.05034603611522104,0.031415926535897934,0.022123891926688684,-0.0,1576595823050427913
-0.0,-0.030207621669132628,0.015707963267948967,-0.0,-0.0,1576595823060390949
-0.0,-0.04027682889217683,0.06283185307179587,-0.0,-0.0,1576595823070449113
-0.0,-0.030207621669132628,0.015707963267948967,0.022123891926688684,-0.0,1576595823080445051
-0.0,-0.030207621669132628,0.031415926535897934,0.04424778385337737,-0.0,1576595823090409994
-0.0,-0.09062286500739787,0.09424777960769379,0.022123891926688684,-0.0,1576595823100373029
-0.0,-0.030207621669132628,0.031415926535897934,-0.0,-0.0,1576595823110349893
-0.0,-0.05034603611522104,0.10995574287564278,0.022123891926688684,-0.0,1576595823120443105
-0.0,-0.05034603611522104,0.031415926535897934,0.06637167578006604,-0.0,1576595823130434036
-0.0,-0.07048445056130946,0.1413716694115407,0.022123891926688684,-0.0,1576595823140446901
-0.0,-0.060415243338265257,0.06283185307179587,-0.0,-0.0,1576595823150356054
-0.0,-0.12083048667653051,0.09424777960769379,0.04424778385337737,-0.0,1576595823160440921
-0.0,-0.060415243338265257,0.1413716694115407,0.04424778385337737,-0.0,1576595823170432090
-0.0,-0.05034603611522104,0.12566370614359174,-0.0,-0.0,1576595823180392980
-0.0,-0.14096890112261892,0.12566370614359174,0.022123891926688684,-0.0,1576595823190344095
-0.0,-0.060415243338265257,0.15707963267948966,0.11061945963344343,-0.0,1576595823200417041
-0.0,-0.17117652279175155,0.15707963267948966,0.06637167578006604,-0.0,1576595823210361957
-0.0,-0.060415243338265257,0.07853981633974483,-0.0,-0.0,1576595823220382928
-0.0,-0.16110731556870733,0.18849555921538758,-0.0,-0.0,1576595823230366945
-0.0,-0.1510381083456631,0.18849555921538758,0.06637167578006604,-0.0,1576595823240426063
-0.0,-0.07048445056130946,0.15707963267948966,0.08849556770675474,-0.0,1576595823250431060
-0.0,-0.18124573001479574,0.17278759594743862,0.06637167578006604,-0.0,1576595823260399103
-0.0,-0.1308996938995747,0.21991148575128555,0.022123891926688684,-0.0,1576595823270389080
-0.0,-0.17117652279175155,0.20420352248333656,0.04424778385337737,-0.0,1576595823280435085
-0.0,-0.14096890112261892,0.20420352248333656,0.08849556770675474,-0.0,1576595823290388107
-0.0,-0.19131493723783996,0.17278759594743862,0.04424778385337737,-0.0,1576595823300379991
-0.0,-0.16110731556870733,0.21991148575128555,0.022123891926688684,-0.0,1576595823310405969
-0.0,-0.18124573001479574,0.20420352248333656,0.04424778385337737,-0.0,1576595823320452928
-0.0,-0.17117652279175155,0.25132741228718347,0.08849556770675474,-0.0,1576595823330413103
-0.0,-0.19131493723783996,0.23561944901923448,0.08849556770675474,-0.0,1576595823340377092
-0.0,-0.16110731556870733,0.20420352248333656,0.08849556770675474,-0.0,1576595823350409030
-0.0,-0.18124573001479574,0.21991148575128555,0.04424778385337737,-0.0,1576595823360445976
-0.0,-0.21145335168392837,0.21991148575128555,0.04424778385337737,-0.0,1576595823370449066
-0.0,-0.19131493723783996,0.23561944901923448,0.08849556770675474,-0.0,1576595823380412101
-0.0,-0.20138414446088415,0.18849555921538758,0.08849556770675474,-0.0,1576595823390398979
-0.0,-0.18124573001479574,0.21991148575128555,0.06637167578006604,-0.0,1576595823400439977
-0.0,-0.20138414446088415,0.3141592653589793,-0.0,-0.0,1576595823410340070
-0.0,-0.18124573001479574,0.23561944901923448,0.04424778385337737,-0.0,1576595823420411109
-0.0,-0.2517301805761052,0.26703537555513246,0.11061945963344343,-0.0,1576595823430437088
-0.0,-0.21145335168392837,0.26703537555513246,0.11061945963344343,-0.0,1576595823440464019
-0.0,-0.1308996938995747,0.25132741228718347,0.08849556770675474,-0.0,1576595823450397968
-0.0,-0.21145335168392837,0.23561944901923448,0.04424778385337737,-0.0,1576595823460380077
-0.0,-0.21145335168392837,0.25132741228718347,0.04424778385337737,-0.0,1576595823470371007
-0.0,-0.19131493723783996,0.25132741228718347,0.11061945963344343,-0.0,1576595823480457067
-0.0,-0.20138414446088415,0.25132741228718347,0.11061945963344343,-0.0,1576595823490381956
-0.0,-0.1510381083456631,0.21991148575128555,0.06637167578006604,-0.0,1576595823500382900
-0.0,-0.20138414446088415,0.23561944901923448,0.022123891926688684,-0.0,1576595823510325908
-0.0,-0.2215225589069726,0.20420352248333656,0.022123891926688684,-0.0,1576595823520394086
-0.0,-0.1510381083456631,0.20420352248333656,0.11061945963344343,-0.0,1576595823530411958
-0.0,-0.20138414446088415,0.25132741228718347,0.11061945963344343,-0.0,1576595823540366888
-0.0,-0.17117652279175155,0.21991148575128555,0.06637167578006604,-0.0,1576595823550368070
-0.0,-0.1510381083456631,0.18849555921538758,0.022123891926688684,-0.0,1576595823560409069
-0.0,-0.14096890112261892,0.20420352248333656,-0.0,-0.0,1576595823570416927
-0.0,-0.19131493723783996,0.21991148575128555,0.06637167578006604,-0.0,1576595823580380916
-0.0,-0.16110731556870733,0.18849555921538758,0.11061945963344343,-0.0,1576595823590383052
-0.0,-0.1308996938995747,0.1413716694115407,0.06637167578006604,-0.0,1576595823600399971
-0.0,-0.14096890112261892,0.17278759594743862,-0.022123891926688684,-0.0,1576595823610404968
-0.0,-0.17117652279175155,0.17278759594743862,0.022123891926688684,-0.0,1576595823620378017
-0.0,-0.08055365778435367,0.10995574287564278,0.08849556770675474,-0.0,1576595823630383014
-0.0,-0.17117652279175155,0.17278759594743862,0.08849556770675474,-0.0,1576595823640414953
-0.0,-0.16110731556870733,0.23561944901923448,0.022123891926688684,-0.0,1576595823650392055
-0.0,-0.04027682889217683,0.07853981633974483,-0.0,-0.0,1576595823660396099
-0.0,-0.18124573001479574,0.15707963267948966,0.04424778385337737,-0.0,1576595823670418977
-0.0,-0.14096890112261892,0.15707963267948966,0.08849556770675474,-0.0,1576595823680466890
-0.0,-0.05034603611522104,0.10995574287564278,0.06637167578006604,-0.0,1576595823690404891
-0.0,-0.14096890112261892,0.12566370614359174,-0.0,-0.0,1576595823700380086
-0.0,-0.1107612794534863,0.10995574287564278,-0.0,-0.0,1576595823710372924
-0.0,-0.020138414446088417,0.06283185307179587,0.04424778385337737,-0.0,1576595823720417976
-0.0,-0.1308996938995747,0.1413716694115407,0.022123891926688684,-0.0,1576595823730406999
-0.0,-0.060415243338265257,0.09424777960769379,0.022123891926688684,-0.0,1576595823740380048
-0.0,-0.05034603611522104,0.031415926535897934,-0.0,-0.0,1576595823750401020
-0.0,-0.12083048667653051,0.1413716694115407,-0.0,-0.0,1576595823760407924
-0.0,-0.020138414446088417,0.047123889803846894,0.04424778385337737,-0.0,1576595823770410060
-0.0,-0.07048445056130946,0.031415926535897934,0.04424778385337737,-0.0,1576595823780368089
-0.0,-0.04027682889217683,0.07853981633974483,0.022123891926688684,-0.0,1576595823790394067
-0.0,-0.030207621669132628,0.031415926535897934,-0.0,-0.0,1576595823800426959
-0.0,-0.030207621669132628,0.015707963267948967,-0.022123891926688684,-0.0,1576595823810405969
-0.0,-0.05034603611522104,0.06283185307179587,0.022123891926688684,-0.0,1576595823820410013
-0.0,-0.030207621669132628,0.047123889803846894,0.022123891926688684,-0.0,1576595823830389976
-0.0,-0.030207621669132628,0.031415926535897934,-0.0,-0.0,1576595823840440988
-0.0,-0.020138414446088417,0.031415926535897934,-0.0,-0.0,1576595823850423097
-0.0,-0.020138414446088417,0.031415926535897934,-0.0,-0.0,1576595823860399007
-0.0,-0.020138414446088417,0.015707963267948967,0.022123891926688684,-0.0,1576595823870400905
-0.0,-0.020138414446088417,0.0,-0.0,-0.0,1576595823880453109
-0.0,-0.020138414446088417,0.015707963267948967,-0.0,-0.0,1576595823890404939
-0.0,-0.0,0.015707963267948967,-0.0,-0.0,1576595823900397062
-0.0,-0.020138414446088417,0.015707963267948967,-0.0,-0.0,1576595823910398960
-0.0,-0.0,0.0,0.022123891926688684,-0.0,1576595823920448064
-0.0,-0.0,0.0,-0.0,-0.0,1576595823930449962
-0.0,-0.0,0.0,-0.0,-0.0,1576595823940454959
-0.0,-0.0,0.0,-0.0,-0.0,1576595823950347900
-0.0,-0.0,0.0,-0.0,-0.0,1576595823960436105
-0.0,-0.0,0.0,-0.0,-0.0,1576595823970448017
-0.0,-0.0,0.0,-0.0,-0.0,1576595823980427026
-0.0,-0.0,0.0,-0.0,-0.0,1576595823990408897
